p cnf 28 2184
1 2 -3 -4 0
1 -2 3 -4 0
1 -2 -3 4 0
1 -2 -3 -4 0
-1 2 3 -4 0
-1 2 -3 4 0
-1 2 -3 -4 0
-1 -2 3 4 0
-1 -2 3 -4 0
-1 -2 -3 4 0
-1 -2 -3 -4 0
1 2 3 4 0
5 6 -7 -8 0
5 -6 7 -8 0
5 -6 -7 8 0
5 -6 -7 -8 0
-5 6 7 -8 0
-5 6 -7 8 0
-5 6 -7 -8 0
-5 -6 7 8 0
-5 -6 7 -8 0
-5 -6 -7 8 0
-5 -6 -7 -8 0
5 6 7 8 0
9 10 -11 -12 0
9 -10 11 -12 0
9 -10 -11 12 0
9 -10 -11 -12 0
-9 10 11 -12 0
-9 10 -11 12 0
-9 10 -11 -12 0
-9 -10 11 12 0
-9 -10 11 -12 0
-9 -10 -11 12 0
-9 -10 -11 -12 0
9 10 11 12 0
13 14 -15 -16 0
13 -14 15 -16 0
13 -14 -15 16 0
13 -14 -15 -16 0
-13 14 15 -16 0
-13 14 -15 16 0
-13 14 -15 -16 0
-13 -14 15 16 0
-13 -14 15 -16 0
-13 -14 -15 16 0
-13 -14 -15 -16 0
13 14 15 16 0
17 18 -19 -20 0
17 -18 19 -20 0
17 -18 -19 20 0
17 -18 -19 -20 0
-17 18 19 -20 0
-17 18 -19 20 0
-17 18 -19 -20 0
-17 -18 19 20 0
-17 -18 19 -20 0
-17 -18 -19 20 0
-17 -18 -19 -20 0
17 18 19 20 0
21 22 -23 -24 0
21 -22 23 -24 0
21 -22 -23 24 0
21 -22 -23 -24 0
-21 22 23 -24 0
-21 22 -23 24 0
-21 22 -23 -24 0
-21 -22 23 24 0
-21 -22 23 -24 0
-21 -22 -23 24 0
-21 -22 -23 -24 0
21 22 23 24 0
25 26 -27 -28 0
25 -26 27 -28 0
25 -26 -27 28 0
25 -26 -27 -28 0
-25 26 27 -28 0
-25 26 -27 28 0
-25 26 -27 -28 0
-25 -26 27 28 0
-25 -26 27 -28 0
-25 -26 -27 28 0
-25 -26 -27 -28 0
25 26 27 28 0
1 5 2 6 3 7 -4 -8 0
1 5 2 6 3 -7 -4 -8 0
1 5 2 -6 3 7 -4 -8 0
1 5 2 -6 3 -7 -4 -8 0
1 -5 2 6 3 7 -4 -8 0
1 -5 2 6 3 -7 -4 -8 0
1 -5 2 -6 3 7 -4 -8 0
1 -5 2 -6 3 -7 -4 -8 0
1 5 2 6 -3 -7 4 8 0
1 5 2 6 -3 -7 4 -8 0
1 5 2 -6 -3 -7 4 8 0
1 5 2 -6 -3 -7 4 -8 0
1 -5 2 6 -3 -7 4 8 0
1 -5 2 6 -3 -7 4 -8 0
1 -5 2 -6 -3 -7 4 8 0
1 -5 2 -6 -3 -7 4 -8 0
1 5 2 6 -3 7 -4 -8 0
1 5 2 6 -3 -7 -4 8 0
1 5 2 6 -3 -7 -4 -8 0
1 5 2 -6 -3 7 -4 -8 0
1 5 2 -6 -3 -7 -4 8 0
1 5 2 -6 -3 -7 -4 -8 0
1 -5 2 6 -3 7 -4 -8 0
1 -5 2 6 -3 -7 -4 8 0
1 -5 2 6 -3 -7 -4 -8 0
1 -5 2 -6 -3 7 -4 -8 0
1 -5 2 -6 -3 -7 -4 8 0
1 -5 2 -6 -3 -7 -4 -8 0
1 5 -2 -6 3 7 4 8 0
1 5 -2 -6 3 7 4 -8 0
1 5 -2 -6 3 -7 4 8 0
1 5 -2 -6 3 -7 4 -8 0
1 -5 -2 -6 3 7 4 8 0
1 -5 -2 -6 3 7 4 -8 0
1 -5 -2 -6 3 -7 4 8 0
1 -5 -2 -6 3 -7 4 -8 0
1 5 -2 6 3 7 -4 -8 0
1 5 -2 6 3 -7 -4 -8 0
1 5 -2 -6 3 7 -4 8 0
1 5 -2 -6 3 7 -4 -8 0
1 5 -2 -6 3 -7 -4 8 0
1 5 -2 -6 3 -7 -4 -8 0
1 -5 -2 6 3 7 -4 -8 0
1 -5 -2 6 3 -7 -4 -8 0
1 -5 -2 -6 3 7 -4 8 0
1 -5 -2 -6 3 7 -4 -8 0
1 -5 -2 -6 3 -7 -4 8 0
1 -5 -2 -6 3 -7 -4 -8 0
1 5 -2 6 -3 -7 4 8 0
1 5 -2 6 -3 -7 4 -8 0
1 5 -2 -6 -3 7 4 8 0
1 5 -2 -6 -3 7 4 -8 0
1 5 -2 -6 -3 -7 4 8 0
1 5 -2 -6 -3 -7 4 -8 0
1 -5 -2 6 -3 -7 4 8 0
1 -5 -2 6 -3 -7 4 -8 0
1 -5 -2 -6 -3 7 4 8 0
1 -5 -2 -6 -3 7 4 -8 0
1 -5 -2 -6 -3 -7 4 8 0
1 -5 -2 -6 -3 -7 4 -8 0
1 5 -2 6 -3 7 -4 -8 0
1 5 -2 6 -3 -7 -4 8 0
1 5 -2 6 -3 -7 -4 -8 0
1 5 -2 -6 -3 7 -4 8 0
1 5 -2 -6 -3 7 -4 -8 0
1 5 -2 -6 -3 -7 -4 8 0
1 5 -2 -6 -3 -7 -4 -8 0
1 -5 -2 6 -3 7 -4 -8 0
1 -5 -2 6 -3 -7 -4 8 0
1 -5 -2 6 -3 -7 -4 -8 0
1 -5 -2 -6 -3 7 -4 8 0
1 -5 -2 -6 -3 7 -4 -8 0
1 -5 -2 -6 -3 -7 -4 8 0
1 -5 -2 -6 -3 -7 -4 -8 0
-1 -5 2 6 3 7 4 8 0
-1 -5 2 6 3 7 4 -8 0
-1 -5 2 6 3 -7 4 8 0
-1 -5 2 6 3 -7 4 -8 0
-1 -5 2 -6 3 7 4 8 0
-1 -5 2 -6 3 7 4 -8 0
-1 -5 2 -6 3 -7 4 8 0
-1 -5 2 -6 3 -7 4 -8 0
-1 5 2 6 3 7 -4 -8 0
-1 5 2 6 3 -7 -4 -8 0
-1 5 2 -6 3 7 -4 -8 0
-1 5 2 -6 3 -7 -4 -8 0
-1 -5 2 6 3 7 -4 8 0
-1 -5 2 6 3 7 -4 -8 0
-1 -5 2 6 3 -7 -4 8 0
-1 -5 2 6 3 -7 -4 -8 0
-1 -5 2 -6 3 7 -4 8 0
-1 -5 2 -6 3 7 -4 -8 0
-1 -5 2 -6 3 -7 -4 8 0
-1 -5 2 -6 3 -7 -4 -8 0
-1 5 2 6 -3 -7 4 8 0
-1 5 2 6 -3 -7 4 -8 0
-1 5 2 -6 -3 -7 4 8 0
-1 5 2 -6 -3 -7 4 -8 0
-1 -5 2 6 -3 7 4 8 0
-1 -5 2 6 -3 7 4 -8 0
-1 -5 2 6 -3 -7 4 8 0
-1 -5 2 6 -3 -7 4 -8 0
-1 -5 2 -6 -3 7 4 8 0
-1 -5 2 -6 -3 7 4 -8 0
-1 -5 2 -6 -3 -7 4 8 0
-1 -5 2 -6 -3 -7 4 -8 0
-1 5 2 6 -3 7 -4 -8 0
-1 5 2 6 -3 -7 -4 8 0
-1 5 2 6 -3 -7 -4 -8 0
-1 5 2 -6 -3 7 -4 -8 0
-1 5 2 -6 -3 -7 -4 8 0
-1 5 2 -6 -3 -7 -4 -8 0
-1 -5 2 6 -3 7 -4 8 0
-1 -5 2 6 -3 7 -4 -8 0
-1 -5 2 6 -3 -7 -4 8 0
-1 -5 2 6 -3 -7 -4 -8 0
-1 -5 2 -6 -3 7 -4 8 0
-1 -5 2 -6 -3 7 -4 -8 0
-1 -5 2 -6 -3 -7 -4 8 0
-1 -5 2 -6 -3 -7 -4 -8 0
-1 5 -2 -6 3 7 4 8 0
-1 5 -2 -6 3 7 4 -8 0
-1 5 -2 -6 3 -7 4 8 0
-1 5 -2 -6 3 -7 4 -8 0
-1 -5 -2 6 3 7 4 8 0
-1 -5 -2 6 3 7 4 -8 0
-1 -5 -2 6 3 -7 4 8 0
-1 -5 -2 6 3 -7 4 -8 0
-1 -5 -2 -6 3 7 4 8 0
-1 -5 -2 -6 3 7 4 -8 0
-1 -5 -2 -6 3 -7 4 8 0
-1 -5 -2 -6 3 -7 4 -8 0
-1 5 -2 6 3 7 -4 -8 0
-1 5 -2 6 3 -7 -4 -8 0
-1 5 -2 -6 3 7 -4 8 0
-1 5 -2 -6 3 7 -4 -8 0
-1 5 -2 -6 3 -7 -4 8 0
-1 5 -2 -6 3 -7 -4 -8 0
-1 -5 -2 6 3 7 -4 8 0
-1 -5 -2 6 3 7 -4 -8 0
-1 -5 -2 6 3 -7 -4 8 0
-1 -5 -2 6 3 -7 -4 -8 0
-1 -5 -2 -6 3 7 -4 8 0
-1 -5 -2 -6 3 7 -4 -8 0
-1 -5 -2 -6 3 -7 -4 8 0
-1 -5 -2 -6 3 -7 -4 -8 0
-1 5 -2 6 -3 -7 4 8 0
-1 5 -2 6 -3 -7 4 -8 0
-1 5 -2 -6 -3 7 4 8 0
-1 5 -2 -6 -3 7 4 -8 0
-1 5 -2 -6 -3 -7 4 8 0
-1 5 -2 -6 -3 -7 4 -8 0
-1 -5 -2 6 -3 7 4 8 0
-1 -5 -2 6 -3 7 4 -8 0
-1 -5 -2 6 -3 -7 4 8 0
-1 -5 -2 6 -3 -7 4 -8 0
-1 -5 -2 -6 -3 7 4 8 0
-1 -5 -2 -6 -3 7 4 -8 0
-1 -5 -2 -6 -3 -7 4 8 0
-1 -5 -2 -6 -3 -7 4 -8 0
-1 5 -2 6 -3 7 -4 -8 0
-1 5 -2 6 -3 -7 -4 8 0
-1 5 -2 6 -3 -7 -4 -8 0
-1 5 -2 -6 -3 7 -4 8 0
-1 5 -2 -6 -3 7 -4 -8 0
-1 5 -2 -6 -3 -7 -4 8 0
-1 5 -2 -6 -3 -7 -4 -8 0
-1 -5 -2 6 -3 7 -4 8 0
-1 -5 -2 6 -3 7 -4 -8 0
-1 -5 -2 6 -3 -7 -4 8 0
-1 -5 -2 6 -3 -7 -4 -8 0
-1 -5 -2 -6 -3 7 -4 8 0
-1 -5 -2 -6 -3 7 -4 -8 0
-1 -5 -2 -6 -3 -7 -4 8 0
-1 -5 -2 -6 -3 -7 -4 -8 0
5 9 6 10 7 11 -8 -12 0
5 9 6 10 7 -11 -8 -12 0
5 9 6 -10 7 11 -8 -12 0
5 9 6 -10 7 -11 -8 -12 0
5 -9 6 10 7 11 -8 -12 0
5 -9 6 10 7 -11 -8 -12 0
5 -9 6 -10 7 11 -8 -12 0
5 -9 6 -10 7 -11 -8 -12 0
5 9 6 10 -7 -11 8 12 0
5 9 6 10 -7 -11 8 -12 0
5 9 6 -10 -7 -11 8 12 0
5 9 6 -10 -7 -11 8 -12 0
5 -9 6 10 -7 -11 8 12 0
5 -9 6 10 -7 -11 8 -12 0
5 -9 6 -10 -7 -11 8 12 0
5 -9 6 -10 -7 -11 8 -12 0
5 9 6 10 -7 11 -8 -12 0
5 9 6 10 -7 -11 -8 12 0
5 9 6 10 -7 -11 -8 -12 0
5 9 6 -10 -7 11 -8 -12 0
5 9 6 -10 -7 -11 -8 12 0
5 9 6 -10 -7 -11 -8 -12 0
5 -9 6 10 -7 11 -8 -12 0
5 -9 6 10 -7 -11 -8 12 0
5 -9 6 10 -7 -11 -8 -12 0
5 -9 6 -10 -7 11 -8 -12 0
5 -9 6 -10 -7 -11 -8 12 0
5 -9 6 -10 -7 -11 -8 -12 0
5 9 -6 -10 7 11 8 12 0
5 9 -6 -10 7 11 8 -12 0
5 9 -6 -10 7 -11 8 12 0
5 9 -6 -10 7 -11 8 -12 0
5 -9 -6 -10 7 11 8 12 0
5 -9 -6 -10 7 11 8 -12 0
5 -9 -6 -10 7 -11 8 12 0
5 -9 -6 -10 7 -11 8 -12 0
5 9 -6 10 7 11 -8 -12 0
5 9 -6 10 7 -11 -8 -12 0
5 9 -6 -10 7 11 -8 12 0
5 9 -6 -10 7 11 -8 -12 0
5 9 -6 -10 7 -11 -8 12 0
5 9 -6 -10 7 -11 -8 -12 0
5 -9 -6 10 7 11 -8 -12 0
5 -9 -6 10 7 -11 -8 -12 0
5 -9 -6 -10 7 11 -8 12 0
5 -9 -6 -10 7 11 -8 -12 0
5 -9 -6 -10 7 -11 -8 12 0
5 -9 -6 -10 7 -11 -8 -12 0
5 9 -6 10 -7 -11 8 12 0
5 9 -6 10 -7 -11 8 -12 0
5 9 -6 -10 -7 11 8 12 0
5 9 -6 -10 -7 11 8 -12 0
5 9 -6 -10 -7 -11 8 12 0
5 9 -6 -10 -7 -11 8 -12 0
5 -9 -6 10 -7 -11 8 12 0
5 -9 -6 10 -7 -11 8 -12 0
5 -9 -6 -10 -7 11 8 12 0
5 -9 -6 -10 -7 11 8 -12 0
5 -9 -6 -10 -7 -11 8 12 0
5 -9 -6 -10 -7 -11 8 -12 0
5 9 -6 10 -7 11 -8 -12 0
5 9 -6 10 -7 -11 -8 12 0
5 9 -6 10 -7 -11 -8 -12 0
5 9 -6 -10 -7 11 -8 12 0
5 9 -6 -10 -7 11 -8 -12 0
5 9 -6 -10 -7 -11 -8 12 0
5 9 -6 -10 -7 -11 -8 -12 0
5 -9 -6 10 -7 11 -8 -12 0
5 -9 -6 10 -7 -11 -8 12 0
5 -9 -6 10 -7 -11 -8 -12 0
5 -9 -6 -10 -7 11 -8 12 0
5 -9 -6 -10 -7 11 -8 -12 0
5 -9 -6 -10 -7 -11 -8 12 0
5 -9 -6 -10 -7 -11 -8 -12 0
-5 -9 6 10 7 11 8 12 0
-5 -9 6 10 7 11 8 -12 0
-5 -9 6 10 7 -11 8 12 0
-5 -9 6 10 7 -11 8 -12 0
-5 -9 6 -10 7 11 8 12 0
-5 -9 6 -10 7 11 8 -12 0
-5 -9 6 -10 7 -11 8 12 0
-5 -9 6 -10 7 -11 8 -12 0
-5 9 6 10 7 11 -8 -12 0
-5 9 6 10 7 -11 -8 -12 0
-5 9 6 -10 7 11 -8 -12 0
-5 9 6 -10 7 -11 -8 -12 0
-5 -9 6 10 7 11 -8 12 0
-5 -9 6 10 7 11 -8 -12 0
-5 -9 6 10 7 -11 -8 12 0
-5 -9 6 10 7 -11 -8 -12 0
-5 -9 6 -10 7 11 -8 12 0
-5 -9 6 -10 7 11 -8 -12 0
-5 -9 6 -10 7 -11 -8 12 0
-5 -9 6 -10 7 -11 -8 -12 0
-5 9 6 10 -7 -11 8 12 0
-5 9 6 10 -7 -11 8 -12 0
-5 9 6 -10 -7 -11 8 12 0
-5 9 6 -10 -7 -11 8 -12 0
-5 -9 6 10 -7 11 8 12 0
-5 -9 6 10 -7 11 8 -12 0
-5 -9 6 10 -7 -11 8 12 0
-5 -9 6 10 -7 -11 8 -12 0
-5 -9 6 -10 -7 11 8 12 0
-5 -9 6 -10 -7 11 8 -12 0
-5 -9 6 -10 -7 -11 8 12 0
-5 -9 6 -10 -7 -11 8 -12 0
-5 9 6 10 -7 11 -8 -12 0
-5 9 6 10 -7 -11 -8 12 0
-5 9 6 10 -7 -11 -8 -12 0
-5 9 6 -10 -7 11 -8 -12 0
-5 9 6 -10 -7 -11 -8 12 0
-5 9 6 -10 -7 -11 -8 -12 0
-5 -9 6 10 -7 11 -8 12 0
-5 -9 6 10 -7 11 -8 -12 0
-5 -9 6 10 -7 -11 -8 12 0
-5 -9 6 10 -7 -11 -8 -12 0
-5 -9 6 -10 -7 11 -8 12 0
-5 -9 6 -10 -7 11 -8 -12 0
-5 -9 6 -10 -7 -11 -8 12 0
-5 -9 6 -10 -7 -11 -8 -12 0
-5 9 -6 -10 7 11 8 12 0
-5 9 -6 -10 7 11 8 -12 0
-5 9 -6 -10 7 -11 8 12 0
-5 9 -6 -10 7 -11 8 -12 0
-5 -9 -6 10 7 11 8 12 0
-5 -9 -6 10 7 11 8 -12 0
-5 -9 -6 10 7 -11 8 12 0
-5 -9 -6 10 7 -11 8 -12 0
-5 -9 -6 -10 7 11 8 12 0
-5 -9 -6 -10 7 11 8 -12 0
-5 -9 -6 -10 7 -11 8 12 0
-5 -9 -6 -10 7 -11 8 -12 0
-5 9 -6 10 7 11 -8 -12 0
-5 9 -6 10 7 -11 -8 -12 0
-5 9 -6 -10 7 11 -8 12 0
-5 9 -6 -10 7 11 -8 -12 0
-5 9 -6 -10 7 -11 -8 12 0
-5 9 -6 -10 7 -11 -8 -12 0
-5 -9 -6 10 7 11 -8 12 0
-5 -9 -6 10 7 11 -8 -12 0
-5 -9 -6 10 7 -11 -8 12 0
-5 -9 -6 10 7 -11 -8 -12 0
-5 -9 -6 -10 7 11 -8 12 0
-5 -9 -6 -10 7 11 -8 -12 0
-5 -9 -6 -10 7 -11 -8 12 0
-5 -9 -6 -10 7 -11 -8 -12 0
-5 9 -6 10 -7 -11 8 12 0
-5 9 -6 10 -7 -11 8 -12 0
-5 9 -6 -10 -7 11 8 12 0
-5 9 -6 -10 -7 11 8 -12 0
-5 9 -6 -10 -7 -11 8 12 0
-5 9 -6 -10 -7 -11 8 -12 0
-5 -9 -6 10 -7 11 8 12 0
-5 -9 -6 10 -7 11 8 -12 0
-5 -9 -6 10 -7 -11 8 12 0
-5 -9 -6 10 -7 -11 8 -12 0
-5 -9 -6 -10 -7 11 8 12 0
-5 -9 -6 -10 -7 11 8 -12 0
-5 -9 -6 -10 -7 -11 8 12 0
-5 -9 -6 -10 -7 -11 8 -12 0
-5 9 -6 10 -7 11 -8 -12 0
-5 9 -6 10 -7 -11 -8 12 0
-5 9 -6 10 -7 -11 -8 -12 0
-5 9 -6 -10 -7 11 -8 12 0
-5 9 -6 -10 -7 11 -8 -12 0
-5 9 -6 -10 -7 -11 -8 12 0
-5 9 -6 -10 -7 -11 -8 -12 0
-5 -9 -6 10 -7 11 -8 12 0
-5 -9 -6 10 -7 11 -8 -12 0
-5 -9 -6 10 -7 -11 -8 12 0
-5 -9 -6 10 -7 -11 -8 -12 0
-5 -9 -6 -10 -7 11 -8 12 0
-5 -9 -6 -10 -7 11 -8 -12 0
-5 -9 -6 -10 -7 -11 -8 12 0
-5 -9 -6 -10 -7 -11 -8 -12 0
9 13 10 14 11 15 -12 -16 0
9 13 10 14 11 -15 -12 -16 0
9 13 10 -14 11 15 -12 -16 0
9 13 10 -14 11 -15 -12 -16 0
9 -13 10 14 11 15 -12 -16 0
9 -13 10 14 11 -15 -12 -16 0
9 -13 10 -14 11 15 -12 -16 0
9 -13 10 -14 11 -15 -12 -16 0
9 13 10 14 -11 -15 12 16 0
9 13 10 14 -11 -15 12 -16 0
9 13 10 -14 -11 -15 12 16 0
9 13 10 -14 -11 -15 12 -16 0
9 -13 10 14 -11 -15 12 16 0
9 -13 10 14 -11 -15 12 -16 0
9 -13 10 -14 -11 -15 12 16 0
9 -13 10 -14 -11 -15 12 -16 0
9 13 10 14 -11 15 -12 -16 0
9 13 10 14 -11 -15 -12 16 0
9 13 10 14 -11 -15 -12 -16 0
9 13 10 -14 -11 15 -12 -16 0
9 13 10 -14 -11 -15 -12 16 0
9 13 10 -14 -11 -15 -12 -16 0
9 -13 10 14 -11 15 -12 -16 0
9 -13 10 14 -11 -15 -12 16 0
9 -13 10 14 -11 -15 -12 -16 0
9 -13 10 -14 -11 15 -12 -16 0
9 -13 10 -14 -11 -15 -12 16 0
9 -13 10 -14 -11 -15 -12 -16 0
9 13 -10 -14 11 15 12 16 0
9 13 -10 -14 11 15 12 -16 0
9 13 -10 -14 11 -15 12 16 0
9 13 -10 -14 11 -15 12 -16 0
9 -13 -10 -14 11 15 12 16 0
9 -13 -10 -14 11 15 12 -16 0
9 -13 -10 -14 11 -15 12 16 0
9 -13 -10 -14 11 -15 12 -16 0
9 13 -10 14 11 15 -12 -16 0
9 13 -10 14 11 -15 -12 -16 0
9 13 -10 -14 11 15 -12 16 0
9 13 -10 -14 11 15 -12 -16 0
9 13 -10 -14 11 -15 -12 16 0
9 13 -10 -14 11 -15 -12 -16 0
9 -13 -10 14 11 15 -12 -16 0
9 -13 -10 14 11 -15 -12 -16 0
9 -13 -10 -14 11 15 -12 16 0
9 -13 -10 -14 11 15 -12 -16 0
9 -13 -10 -14 11 -15 -12 16 0
9 -13 -10 -14 11 -15 -12 -16 0
9 13 -10 14 -11 -15 12 16 0
9 13 -10 14 -11 -15 12 -16 0
9 13 -10 -14 -11 15 12 16 0
9 13 -10 -14 -11 15 12 -16 0
9 13 -10 -14 -11 -15 12 16 0
9 13 -10 -14 -11 -15 12 -16 0
9 -13 -10 14 -11 -15 12 16 0
9 -13 -10 14 -11 -15 12 -16 0
9 -13 -10 -14 -11 15 12 16 0
9 -13 -10 -14 -11 15 12 -16 0
9 -13 -10 -14 -11 -15 12 16 0
9 -13 -10 -14 -11 -15 12 -16 0
9 13 -10 14 -11 15 -12 -16 0
9 13 -10 14 -11 -15 -12 16 0
9 13 -10 14 -11 -15 -12 -16 0
9 13 -10 -14 -11 15 -12 16 0
9 13 -10 -14 -11 15 -12 -16 0
9 13 -10 -14 -11 -15 -12 16 0
9 13 -10 -14 -11 -15 -12 -16 0
9 -13 -10 14 -11 15 -12 -16 0
9 -13 -10 14 -11 -15 -12 16 0
9 -13 -10 14 -11 -15 -12 -16 0
9 -13 -10 -14 -11 15 -12 16 0
9 -13 -10 -14 -11 15 -12 -16 0
9 -13 -10 -14 -11 -15 -12 16 0
9 -13 -10 -14 -11 -15 -12 -16 0
-9 -13 10 14 11 15 12 16 0
-9 -13 10 14 11 15 12 -16 0
-9 -13 10 14 11 -15 12 16 0
-9 -13 10 14 11 -15 12 -16 0
-9 -13 10 -14 11 15 12 16 0
-9 -13 10 -14 11 15 12 -16 0
-9 -13 10 -14 11 -15 12 16 0
-9 -13 10 -14 11 -15 12 -16 0
-9 13 10 14 11 15 -12 -16 0
-9 13 10 14 11 -15 -12 -16 0
-9 13 10 -14 11 15 -12 -16 0
-9 13 10 -14 11 -15 -12 -16 0
-9 -13 10 14 11 15 -12 16 0
-9 -13 10 14 11 15 -12 -16 0
-9 -13 10 14 11 -15 -12 16 0
-9 -13 10 14 11 -15 -12 -16 0
-9 -13 10 -14 11 15 -12 16 0
-9 -13 10 -14 11 15 -12 -16 0
-9 -13 10 -14 11 -15 -12 16 0
-9 -13 10 -14 11 -15 -12 -16 0
-9 13 10 14 -11 -15 12 16 0
-9 13 10 14 -11 -15 12 -16 0
-9 13 10 -14 -11 -15 12 16 0
-9 13 10 -14 -11 -15 12 -16 0
-9 -13 10 14 -11 15 12 16 0
-9 -13 10 14 -11 15 12 -16 0
-9 -13 10 14 -11 -15 12 16 0
-9 -13 10 14 -11 -15 12 -16 0
-9 -13 10 -14 -11 15 12 16 0
-9 -13 10 -14 -11 15 12 -16 0
-9 -13 10 -14 -11 -15 12 16 0
-9 -13 10 -14 -11 -15 12 -16 0
-9 13 10 14 -11 15 -12 -16 0
-9 13 10 14 -11 -15 -12 16 0
-9 13 10 14 -11 -15 -12 -16 0
-9 13 10 -14 -11 15 -12 -16 0
-9 13 10 -14 -11 -15 -12 16 0
-9 13 10 -14 -11 -15 -12 -16 0
-9 -13 10 14 -11 15 -12 16 0
-9 -13 10 14 -11 15 -12 -16 0
-9 -13 10 14 -11 -15 -12 16 0
-9 -13 10 14 -11 -15 -12 -16 0
-9 -13 10 -14 -11 15 -12 16 0
-9 -13 10 -14 -11 15 -12 -16 0
-9 -13 10 -14 -11 -15 -12 16 0
-9 -13 10 -14 -11 -15 -12 -16 0
-9 13 -10 -14 11 15 12 16 0
-9 13 -10 -14 11 15 12 -16 0
-9 13 -10 -14 11 -15 12 16 0
-9 13 -10 -14 11 -15 12 -16 0
-9 -13 -10 14 11 15 12 16 0
-9 -13 -10 14 11 15 12 -16 0
-9 -13 -10 14 11 -15 12 16 0
-9 -13 -10 14 11 -15 12 -16 0
-9 -13 -10 -14 11 15 12 16 0
-9 -13 -10 -14 11 15 12 -16 0
-9 -13 -10 -14 11 -15 12 16 0
-9 -13 -10 -14 11 -15 12 -16 0
-9 13 -10 14 11 15 -12 -16 0
-9 13 -10 14 11 -15 -12 -16 0
-9 13 -10 -14 11 15 -12 16 0
-9 13 -10 -14 11 15 -12 -16 0
-9 13 -10 -14 11 -15 -12 16 0
-9 13 -10 -14 11 -15 -12 -16 0
-9 -13 -10 14 11 15 -12 16 0
-9 -13 -10 14 11 15 -12 -16 0
-9 -13 -10 14 11 -15 -12 16 0
-9 -13 -10 14 11 -15 -12 -16 0
-9 -13 -10 -14 11 15 -12 16 0
-9 -13 -10 -14 11 15 -12 -16 0
-9 -13 -10 -14 11 -15 -12 16 0
-9 -13 -10 -14 11 -15 -12 -16 0
-9 13 -10 14 -11 -15 12 16 0
-9 13 -10 14 -11 -15 12 -16 0
-9 13 -10 -14 -11 15 12 16 0
-9 13 -10 -14 -11 15 12 -16 0
-9 13 -10 -14 -11 -15 12 16 0
-9 13 -10 -14 -11 -15 12 -16 0
-9 -13 -10 14 -11 15 12 16 0
-9 -13 -10 14 -11 15 12 -16 0
-9 -13 -10 14 -11 -15 12 16 0
-9 -13 -10 14 -11 -15 12 -16 0
-9 -13 -10 -14 -11 15 12 16 0
-9 -13 -10 -14 -11 15 12 -16 0
-9 -13 -10 -14 -11 -15 12 16 0
-9 -13 -10 -14 -11 -15 12 -16 0
-9 13 -10 14 -11 15 -12 -16 0
-9 13 -10 14 -11 -15 -12 16 0
-9 13 -10 14 -11 -15 -12 -16 0
-9 13 -10 -14 -11 15 -12 16 0
-9 13 -10 -14 -11 15 -12 -16 0
-9 13 -10 -14 -11 -15 -12 16 0
-9 13 -10 -14 -11 -15 -12 -16 0
-9 -13 -10 14 -11 15 -12 16 0
-9 -13 -10 14 -11 15 -12 -16 0
-9 -13 -10 14 -11 -15 -12 16 0
-9 -13 -10 14 -11 -15 -12 -16 0
-9 -13 -10 -14 -11 15 -12 16 0
-9 -13 -10 -14 -11 15 -12 -16 0
-9 -13 -10 -14 -11 -15 -12 16 0
-9 -13 -10 -14 -11 -15 -12 -16 0
13 17 14 18 15 19 -16 -20 0
13 17 14 18 15 -19 -16 -20 0
13 17 14 -18 15 19 -16 -20 0
13 17 14 -18 15 -19 -16 -20 0
13 -17 14 18 15 19 -16 -20 0
13 -17 14 18 15 -19 -16 -20 0
13 -17 14 -18 15 19 -16 -20 0
13 -17 14 -18 15 -19 -16 -20 0
13 17 14 18 -15 -19 16 20 0
13 17 14 18 -15 -19 16 -20 0
13 17 14 -18 -15 -19 16 20 0
13 17 14 -18 -15 -19 16 -20 0
13 -17 14 18 -15 -19 16 20 0
13 -17 14 18 -15 -19 16 -20 0
13 -17 14 -18 -15 -19 16 20 0
13 -17 14 -18 -15 -19 16 -20 0
13 17 14 18 -15 19 -16 -20 0
13 17 14 18 -15 -19 -16 20 0
13 17 14 18 -15 -19 -16 -20 0
13 17 14 -18 -15 19 -16 -20 0
13 17 14 -18 -15 -19 -16 20 0
13 17 14 -18 -15 -19 -16 -20 0
13 -17 14 18 -15 19 -16 -20 0
13 -17 14 18 -15 -19 -16 20 0
13 -17 14 18 -15 -19 -16 -20 0
13 -17 14 -18 -15 19 -16 -20 0
13 -17 14 -18 -15 -19 -16 20 0
13 -17 14 -18 -15 -19 -16 -20 0
13 17 -14 -18 15 19 16 20 0
13 17 -14 -18 15 19 16 -20 0
13 17 -14 -18 15 -19 16 20 0
13 17 -14 -18 15 -19 16 -20 0
13 -17 -14 -18 15 19 16 20 0
13 -17 -14 -18 15 19 16 -20 0
13 -17 -14 -18 15 -19 16 20 0
13 -17 -14 -18 15 -19 16 -20 0
13 17 -14 18 15 19 -16 -20 0
13 17 -14 18 15 -19 -16 -20 0
13 17 -14 -18 15 19 -16 20 0
13 17 -14 -18 15 19 -16 -20 0
13 17 -14 -18 15 -19 -16 20 0
13 17 -14 -18 15 -19 -16 -20 0
13 -17 -14 18 15 19 -16 -20 0
13 -17 -14 18 15 -19 -16 -20 0
13 -17 -14 -18 15 19 -16 20 0
13 -17 -14 -18 15 19 -16 -20 0
13 -17 -14 -18 15 -19 -16 20 0
13 -17 -14 -18 15 -19 -16 -20 0
13 17 -14 18 -15 -19 16 20 0
13 17 -14 18 -15 -19 16 -20 0
13 17 -14 -18 -15 19 16 20 0
13 17 -14 -18 -15 19 16 -20 0
13 17 -14 -18 -15 -19 16 20 0
13 17 -14 -18 -15 -19 16 -20 0
13 -17 -14 18 -15 -19 16 20 0
13 -17 -14 18 -15 -19 16 -20 0
13 -17 -14 -18 -15 19 16 20 0
13 -17 -14 -18 -15 19 16 -20 0
13 -17 -14 -18 -15 -19 16 20 0
13 -17 -14 -18 -15 -19 16 -20 0
13 17 -14 18 -15 19 -16 -20 0
13 17 -14 18 -15 -19 -16 20 0
13 17 -14 18 -15 -19 -16 -20 0
13 17 -14 -18 -15 19 -16 20 0
13 17 -14 -18 -15 19 -16 -20 0
13 17 -14 -18 -15 -19 -16 20 0
13 17 -14 -18 -15 -19 -16 -20 0
13 -17 -14 18 -15 19 -16 -20 0
13 -17 -14 18 -15 -19 -16 20 0
13 -17 -14 18 -15 -19 -16 -20 0
13 -17 -14 -18 -15 19 -16 20 0
13 -17 -14 -18 -15 19 -16 -20 0
13 -17 -14 -18 -15 -19 -16 20 0
13 -17 -14 -18 -15 -19 -16 -20 0
-13 -17 14 18 15 19 16 20 0
-13 -17 14 18 15 19 16 -20 0
-13 -17 14 18 15 -19 16 20 0
-13 -17 14 18 15 -19 16 -20 0
-13 -17 14 -18 15 19 16 20 0
-13 -17 14 -18 15 19 16 -20 0
-13 -17 14 -18 15 -19 16 20 0
-13 -17 14 -18 15 -19 16 -20 0
-13 17 14 18 15 19 -16 -20 0
-13 17 14 18 15 -19 -16 -20 0
-13 17 14 -18 15 19 -16 -20 0
-13 17 14 -18 15 -19 -16 -20 0
-13 -17 14 18 15 19 -16 20 0
-13 -17 14 18 15 19 -16 -20 0
-13 -17 14 18 15 -19 -16 20 0
-13 -17 14 18 15 -19 -16 -20 0
-13 -17 14 -18 15 19 -16 20 0
-13 -17 14 -18 15 19 -16 -20 0
-13 -17 14 -18 15 -19 -16 20 0
-13 -17 14 -18 15 -19 -16 -20 0
-13 17 14 18 -15 -19 16 20 0
-13 17 14 18 -15 -19 16 -20 0
-13 17 14 -18 -15 -19 16 20 0
-13 17 14 -18 -15 -19 16 -20 0
-13 -17 14 18 -15 19 16 20 0
-13 -17 14 18 -15 19 16 -20 0
-13 -17 14 18 -15 -19 16 20 0
-13 -17 14 18 -15 -19 16 -20 0
-13 -17 14 -18 -15 19 16 20 0
-13 -17 14 -18 -15 19 16 -20 0
-13 -17 14 -18 -15 -19 16 20 0
-13 -17 14 -18 -15 -19 16 -20 0
-13 17 14 18 -15 19 -16 -20 0
-13 17 14 18 -15 -19 -16 20 0
-13 17 14 18 -15 -19 -16 -20 0
-13 17 14 -18 -15 19 -16 -20 0
-13 17 14 -18 -15 -19 -16 20 0
-13 17 14 -18 -15 -19 -16 -20 0
-13 -17 14 18 -15 19 -16 20 0
-13 -17 14 18 -15 19 -16 -20 0
-13 -17 14 18 -15 -19 -16 20 0
-13 -17 14 18 -15 -19 -16 -20 0
-13 -17 14 -18 -15 19 -16 20 0
-13 -17 14 -18 -15 19 -16 -20 0
-13 -17 14 -18 -15 -19 -16 20 0
-13 -17 14 -18 -15 -19 -16 -20 0
-13 17 -14 -18 15 19 16 20 0
-13 17 -14 -18 15 19 16 -20 0
-13 17 -14 -18 15 -19 16 20 0
-13 17 -14 -18 15 -19 16 -20 0
-13 -17 -14 18 15 19 16 20 0
-13 -17 -14 18 15 19 16 -20 0
-13 -17 -14 18 15 -19 16 20 0
-13 -17 -14 18 15 -19 16 -20 0
-13 -17 -14 -18 15 19 16 20 0
-13 -17 -14 -18 15 19 16 -20 0
-13 -17 -14 -18 15 -19 16 20 0
-13 -17 -14 -18 15 -19 16 -20 0
-13 17 -14 18 15 19 -16 -20 0
-13 17 -14 18 15 -19 -16 -20 0
-13 17 -14 -18 15 19 -16 20 0
-13 17 -14 -18 15 19 -16 -20 0
-13 17 -14 -18 15 -19 -16 20 0
-13 17 -14 -18 15 -19 -16 -20 0
-13 -17 -14 18 15 19 -16 20 0
-13 -17 -14 18 15 19 -16 -20 0
-13 -17 -14 18 15 -19 -16 20 0
-13 -17 -14 18 15 -19 -16 -20 0
-13 -17 -14 -18 15 19 -16 20 0
-13 -17 -14 -18 15 19 -16 -20 0
-13 -17 -14 -18 15 -19 -16 20 0
-13 -17 -14 -18 15 -19 -16 -20 0
-13 17 -14 18 -15 -19 16 20 0
-13 17 -14 18 -15 -19 16 -20 0
-13 17 -14 -18 -15 19 16 20 0
-13 17 -14 -18 -15 19 16 -20 0
-13 17 -14 -18 -15 -19 16 20 0
-13 17 -14 -18 -15 -19 16 -20 0
-13 -17 -14 18 -15 19 16 20 0
-13 -17 -14 18 -15 19 16 -20 0
-13 -17 -14 18 -15 -19 16 20 0
-13 -17 -14 18 -15 -19 16 -20 0
-13 -17 -14 -18 -15 19 16 20 0
-13 -17 -14 -18 -15 19 16 -20 0
-13 -17 -14 -18 -15 -19 16 20 0
-13 -17 -14 -18 -15 -19 16 -20 0
-13 17 -14 18 -15 19 -16 -20 0
-13 17 -14 18 -15 -19 -16 20 0
-13 17 -14 18 -15 -19 -16 -20 0
-13 17 -14 -18 -15 19 -16 20 0
-13 17 -14 -18 -15 19 -16 -20 0
-13 17 -14 -18 -15 -19 -16 20 0
-13 17 -14 -18 -15 -19 -16 -20 0
-13 -17 -14 18 -15 19 -16 20 0
-13 -17 -14 18 -15 19 -16 -20 0
-13 -17 -14 18 -15 -19 -16 20 0
-13 -17 -14 18 -15 -19 -16 -20 0
-13 -17 -14 -18 -15 19 -16 20 0
-13 -17 -14 -18 -15 19 -16 -20 0
-13 -17 -14 -18 -15 -19 -16 20 0
-13 -17 -14 -18 -15 -19 -16 -20 0
17 21 18 22 19 23 -20 -24 0
17 21 18 22 19 -23 -20 -24 0
17 21 18 -22 19 23 -20 -24 0
17 21 18 -22 19 -23 -20 -24 0
17 -21 18 22 19 23 -20 -24 0
17 -21 18 22 19 -23 -20 -24 0
17 -21 18 -22 19 23 -20 -24 0
17 -21 18 -22 19 -23 -20 -24 0
17 21 18 22 -19 -23 20 24 0
17 21 18 22 -19 -23 20 -24 0
17 21 18 -22 -19 -23 20 24 0
17 21 18 -22 -19 -23 20 -24 0
17 -21 18 22 -19 -23 20 24 0
17 -21 18 22 -19 -23 20 -24 0
17 -21 18 -22 -19 -23 20 24 0
17 -21 18 -22 -19 -23 20 -24 0
17 21 18 22 -19 23 -20 -24 0
17 21 18 22 -19 -23 -20 24 0
17 21 18 22 -19 -23 -20 -24 0
17 21 18 -22 -19 23 -20 -24 0
17 21 18 -22 -19 -23 -20 24 0
17 21 18 -22 -19 -23 -20 -24 0
17 -21 18 22 -19 23 -20 -24 0
17 -21 18 22 -19 -23 -20 24 0
17 -21 18 22 -19 -23 -20 -24 0
17 -21 18 -22 -19 23 -20 -24 0
17 -21 18 -22 -19 -23 -20 24 0
17 -21 18 -22 -19 -23 -20 -24 0
17 21 -18 -22 19 23 20 24 0
17 21 -18 -22 19 23 20 -24 0
17 21 -18 -22 19 -23 20 24 0
17 21 -18 -22 19 -23 20 -24 0
17 -21 -18 -22 19 23 20 24 0
17 -21 -18 -22 19 23 20 -24 0
17 -21 -18 -22 19 -23 20 24 0
17 -21 -18 -22 19 -23 20 -24 0
17 21 -18 22 19 23 -20 -24 0
17 21 -18 22 19 -23 -20 -24 0
17 21 -18 -22 19 23 -20 24 0
17 21 -18 -22 19 23 -20 -24 0
17 21 -18 -22 19 -23 -20 24 0
17 21 -18 -22 19 -23 -20 -24 0
17 -21 -18 22 19 23 -20 -24 0
17 -21 -18 22 19 -23 -20 -24 0
17 -21 -18 -22 19 23 -20 24 0
17 -21 -18 -22 19 23 -20 -24 0
17 -21 -18 -22 19 -23 -20 24 0
17 -21 -18 -22 19 -23 -20 -24 0
17 21 -18 22 -19 -23 20 24 0
17 21 -18 22 -19 -23 20 -24 0
17 21 -18 -22 -19 23 20 24 0
17 21 -18 -22 -19 23 20 -24 0
17 21 -18 -22 -19 -23 20 24 0
17 21 -18 -22 -19 -23 20 -24 0
17 -21 -18 22 -19 -23 20 24 0
17 -21 -18 22 -19 -23 20 -24 0
17 -21 -18 -22 -19 23 20 24 0
17 -21 -18 -22 -19 23 20 -24 0
17 -21 -18 -22 -19 -23 20 24 0
17 -21 -18 -22 -19 -23 20 -24 0
17 21 -18 22 -19 23 -20 -24 0
17 21 -18 22 -19 -23 -20 24 0
17 21 -18 22 -19 -23 -20 -24 0
17 21 -18 -22 -19 23 -20 24 0
17 21 -18 -22 -19 23 -20 -24 0
17 21 -18 -22 -19 -23 -20 24 0
17 21 -18 -22 -19 -23 -20 -24 0
17 -21 -18 22 -19 23 -20 -24 0
17 -21 -18 22 -19 -23 -20 24 0
17 -21 -18 22 -19 -23 -20 -24 0
17 -21 -18 -22 -19 23 -20 24 0
17 -21 -18 -22 -19 23 -20 -24 0
17 -21 -18 -22 -19 -23 -20 24 0
17 -21 -18 -22 -19 -23 -20 -24 0
-17 -21 18 22 19 23 20 24 0
-17 -21 18 22 19 23 20 -24 0
-17 -21 18 22 19 -23 20 24 0
-17 -21 18 22 19 -23 20 -24 0
-17 -21 18 -22 19 23 20 24 0
-17 -21 18 -22 19 23 20 -24 0
-17 -21 18 -22 19 -23 20 24 0
-17 -21 18 -22 19 -23 20 -24 0
-17 21 18 22 19 23 -20 -24 0
-17 21 18 22 19 -23 -20 -24 0
-17 21 18 -22 19 23 -20 -24 0
-17 21 18 -22 19 -23 -20 -24 0
-17 -21 18 22 19 23 -20 24 0
-17 -21 18 22 19 23 -20 -24 0
-17 -21 18 22 19 -23 -20 24 0
-17 -21 18 22 19 -23 -20 -24 0
-17 -21 18 -22 19 23 -20 24 0
-17 -21 18 -22 19 23 -20 -24 0
-17 -21 18 -22 19 -23 -20 24 0
-17 -21 18 -22 19 -23 -20 -24 0
-17 21 18 22 -19 -23 20 24 0
-17 21 18 22 -19 -23 20 -24 0
-17 21 18 -22 -19 -23 20 24 0
-17 21 18 -22 -19 -23 20 -24 0
-17 -21 18 22 -19 23 20 24 0
-17 -21 18 22 -19 23 20 -24 0
-17 -21 18 22 -19 -23 20 24 0
-17 -21 18 22 -19 -23 20 -24 0
-17 -21 18 -22 -19 23 20 24 0
-17 -21 18 -22 -19 23 20 -24 0
-17 -21 18 -22 -19 -23 20 24 0
-17 -21 18 -22 -19 -23 20 -24 0
-17 21 18 22 -19 23 -20 -24 0
-17 21 18 22 -19 -23 -20 24 0
-17 21 18 22 -19 -23 -20 -24 0
-17 21 18 -22 -19 23 -20 -24 0
-17 21 18 -22 -19 -23 -20 24 0
-17 21 18 -22 -19 -23 -20 -24 0
-17 -21 18 22 -19 23 -20 24 0
-17 -21 18 22 -19 23 -20 -24 0
-17 -21 18 22 -19 -23 -20 24 0
-17 -21 18 22 -19 -23 -20 -24 0
-17 -21 18 -22 -19 23 -20 24 0
-17 -21 18 -22 -19 23 -20 -24 0
-17 -21 18 -22 -19 -23 -20 24 0
-17 -21 18 -22 -19 -23 -20 -24 0
-17 21 -18 -22 19 23 20 24 0
-17 21 -18 -22 19 23 20 -24 0
-17 21 -18 -22 19 -23 20 24 0
-17 21 -18 -22 19 -23 20 -24 0
-17 -21 -18 22 19 23 20 24 0
-17 -21 -18 22 19 23 20 -24 0
-17 -21 -18 22 19 -23 20 24 0
-17 -21 -18 22 19 -23 20 -24 0
-17 -21 -18 -22 19 23 20 24 0
-17 -21 -18 -22 19 23 20 -24 0
-17 -21 -18 -22 19 -23 20 24 0
-17 -21 -18 -22 19 -23 20 -24 0
-17 21 -18 22 19 23 -20 -24 0
-17 21 -18 22 19 -23 -20 -24 0
-17 21 -18 -22 19 23 -20 24 0
-17 21 -18 -22 19 23 -20 -24 0
-17 21 -18 -22 19 -23 -20 24 0
-17 21 -18 -22 19 -23 -20 -24 0
-17 -21 -18 22 19 23 -20 24 0
-17 -21 -18 22 19 23 -20 -24 0
-17 -21 -18 22 19 -23 -20 24 0
-17 -21 -18 22 19 -23 -20 -24 0
-17 -21 -18 -22 19 23 -20 24 0
-17 -21 -18 -22 19 23 -20 -24 0
-17 -21 -18 -22 19 -23 -20 24 0
-17 -21 -18 -22 19 -23 -20 -24 0
-17 21 -18 22 -19 -23 20 24 0
-17 21 -18 22 -19 -23 20 -24 0
-17 21 -18 -22 -19 23 20 24 0
-17 21 -18 -22 -19 23 20 -24 0
-17 21 -18 -22 -19 -23 20 24 0
-17 21 -18 -22 -19 -23 20 -24 0
-17 -21 -18 22 -19 23 20 24 0
-17 -21 -18 22 -19 23 20 -24 0
-17 -21 -18 22 -19 -23 20 24 0
-17 -21 -18 22 -19 -23 20 -24 0
-17 -21 -18 -22 -19 23 20 24 0
-17 -21 -18 -22 -19 23 20 -24 0
-17 -21 -18 -22 -19 -23 20 24 0
-17 -21 -18 -22 -19 -23 20 -24 0
-17 21 -18 22 -19 23 -20 -24 0
-17 21 -18 22 -19 -23 -20 24 0
-17 21 -18 22 -19 -23 -20 -24 0
-17 21 -18 -22 -19 23 -20 24 0
-17 21 -18 -22 -19 23 -20 -24 0
-17 21 -18 -22 -19 -23 -20 24 0
-17 21 -18 -22 -19 -23 -20 -24 0
-17 -21 -18 22 -19 23 -20 24 0
-17 -21 -18 22 -19 23 -20 -24 0
-17 -21 -18 22 -19 -23 -20 24 0
-17 -21 -18 22 -19 -23 -20 -24 0
-17 -21 -18 -22 -19 23 -20 24 0
-17 -21 -18 -22 -19 23 -20 -24 0
-17 -21 -18 -22 -19 -23 -20 24 0
-17 -21 -18 -22 -19 -23 -20 -24 0
21 25 22 26 23 27 -24 -28 0
21 25 22 26 23 -27 -24 -28 0
21 25 22 -26 23 27 -24 -28 0
21 25 22 -26 23 -27 -24 -28 0
21 -25 22 26 23 27 -24 -28 0
21 -25 22 26 23 -27 -24 -28 0
21 -25 22 -26 23 27 -24 -28 0
21 -25 22 -26 23 -27 -24 -28 0
21 25 22 26 -23 -27 24 28 0
21 25 22 26 -23 -27 24 -28 0
21 25 22 -26 -23 -27 24 28 0
21 25 22 -26 -23 -27 24 -28 0
21 -25 22 26 -23 -27 24 28 0
21 -25 22 26 -23 -27 24 -28 0
21 -25 22 -26 -23 -27 24 28 0
21 -25 22 -26 -23 -27 24 -28 0
21 25 22 26 -23 27 -24 -28 0
21 25 22 26 -23 -27 -24 28 0
21 25 22 26 -23 -27 -24 -28 0
21 25 22 -26 -23 27 -24 -28 0
21 25 22 -26 -23 -27 -24 28 0
21 25 22 -26 -23 -27 -24 -28 0
21 -25 22 26 -23 27 -24 -28 0
21 -25 22 26 -23 -27 -24 28 0
21 -25 22 26 -23 -27 -24 -28 0
21 -25 22 -26 -23 27 -24 -28 0
21 -25 22 -26 -23 -27 -24 28 0
21 -25 22 -26 -23 -27 -24 -28 0
21 25 -22 -26 23 27 24 28 0
21 25 -22 -26 23 27 24 -28 0
21 25 -22 -26 23 -27 24 28 0
21 25 -22 -26 23 -27 24 -28 0
21 -25 -22 -26 23 27 24 28 0
21 -25 -22 -26 23 27 24 -28 0
21 -25 -22 -26 23 -27 24 28 0
21 -25 -22 -26 23 -27 24 -28 0
21 25 -22 26 23 27 -24 -28 0
21 25 -22 26 23 -27 -24 -28 0
21 25 -22 -26 23 27 -24 28 0
21 25 -22 -26 23 27 -24 -28 0
21 25 -22 -26 23 -27 -24 28 0
21 25 -22 -26 23 -27 -24 -28 0
21 -25 -22 26 23 27 -24 -28 0
21 -25 -22 26 23 -27 -24 -28 0
21 -25 -22 -26 23 27 -24 28 0
21 -25 -22 -26 23 27 -24 -28 0
21 -25 -22 -26 23 -27 -24 28 0
21 -25 -22 -26 23 -27 -24 -28 0
21 25 -22 26 -23 -27 24 28 0
21 25 -22 26 -23 -27 24 -28 0
21 25 -22 -26 -23 27 24 28 0
21 25 -22 -26 -23 27 24 -28 0
21 25 -22 -26 -23 -27 24 28 0
21 25 -22 -26 -23 -27 24 -28 0
21 -25 -22 26 -23 -27 24 28 0
21 -25 -22 26 -23 -27 24 -28 0
21 -25 -22 -26 -23 27 24 28 0
21 -25 -22 -26 -23 27 24 -28 0
21 -25 -22 -26 -23 -27 24 28 0
21 -25 -22 -26 -23 -27 24 -28 0
21 25 -22 26 -23 27 -24 -28 0
21 25 -22 26 -23 -27 -24 28 0
21 25 -22 26 -23 -27 -24 -28 0
21 25 -22 -26 -23 27 -24 28 0
21 25 -22 -26 -23 27 -24 -28 0
21 25 -22 -26 -23 -27 -24 28 0
21 25 -22 -26 -23 -27 -24 -28 0
21 -25 -22 26 -23 27 -24 -28 0
21 -25 -22 26 -23 -27 -24 28 0
21 -25 -22 26 -23 -27 -24 -28 0
21 -25 -22 -26 -23 27 -24 28 0
21 -25 -22 -26 -23 27 -24 -28 0
21 -25 -22 -26 -23 -27 -24 28 0
21 -25 -22 -26 -23 -27 -24 -28 0
-21 -25 22 26 23 27 24 28 0
-21 -25 22 26 23 27 24 -28 0
-21 -25 22 26 23 -27 24 28 0
-21 -25 22 26 23 -27 24 -28 0
-21 -25 22 -26 23 27 24 28 0
-21 -25 22 -26 23 27 24 -28 0
-21 -25 22 -26 23 -27 24 28 0
-21 -25 22 -26 23 -27 24 -28 0
-21 25 22 26 23 27 -24 -28 0
-21 25 22 26 23 -27 -24 -28 0
-21 25 22 -26 23 27 -24 -28 0
-21 25 22 -26 23 -27 -24 -28 0
-21 -25 22 26 23 27 -24 28 0
-21 -25 22 26 23 27 -24 -28 0
-21 -25 22 26 23 -27 -24 28 0
-21 -25 22 26 23 -27 -24 -28 0
-21 -25 22 -26 23 27 -24 28 0
-21 -25 22 -26 23 27 -24 -28 0
-21 -25 22 -26 23 -27 -24 28 0
-21 -25 22 -26 23 -27 -24 -28 0
-21 25 22 26 -23 -27 24 28 0
-21 25 22 26 -23 -27 24 -28 0
-21 25 22 -26 -23 -27 24 28 0
-21 25 22 -26 -23 -27 24 -28 0
-21 -25 22 26 -23 27 24 28 0
-21 -25 22 26 -23 27 24 -28 0
-21 -25 22 26 -23 -27 24 28 0
-21 -25 22 26 -23 -27 24 -28 0
-21 -25 22 -26 -23 27 24 28 0
-21 -25 22 -26 -23 27 24 -28 0
-21 -25 22 -26 -23 -27 24 28 0
-21 -25 22 -26 -23 -27 24 -28 0
-21 25 22 26 -23 27 -24 -28 0
-21 25 22 26 -23 -27 -24 28 0
-21 25 22 26 -23 -27 -24 -28 0
-21 25 22 -26 -23 27 -24 -28 0
-21 25 22 -26 -23 -27 -24 28 0
-21 25 22 -26 -23 -27 -24 -28 0
-21 -25 22 26 -23 27 -24 28 0
-21 -25 22 26 -23 27 -24 -28 0
-21 -25 22 26 -23 -27 -24 28 0
-21 -25 22 26 -23 -27 -24 -28 0
-21 -25 22 -26 -23 27 -24 28 0
-21 -25 22 -26 -23 27 -24 -28 0
-21 -25 22 -26 -23 -27 -24 28 0
-21 -25 22 -26 -23 -27 -24 -28 0
-21 25 -22 -26 23 27 24 28 0
-21 25 -22 -26 23 27 24 -28 0
-21 25 -22 -26 23 -27 24 28 0
-21 25 -22 -26 23 -27 24 -28 0
-21 -25 -22 26 23 27 24 28 0
-21 -25 -22 26 23 27 24 -28 0
-21 -25 -22 26 23 -27 24 28 0
-21 -25 -22 26 23 -27 24 -28 0
-21 -25 -22 -26 23 27 24 28 0
-21 -25 -22 -26 23 27 24 -28 0
-21 -25 -22 -26 23 -27 24 28 0
-21 -25 -22 -26 23 -27 24 -28 0
-21 25 -22 26 23 27 -24 -28 0
-21 25 -22 26 23 -27 -24 -28 0
-21 25 -22 -26 23 27 -24 28 0
-21 25 -22 -26 23 27 -24 -28 0
-21 25 -22 -26 23 -27 -24 28 0
-21 25 -22 -26 23 -27 -24 -28 0
-21 -25 -22 26 23 27 -24 28 0
-21 -25 -22 26 23 27 -24 -28 0
-21 -25 -22 26 23 -27 -24 28 0
-21 -25 -22 26 23 -27 -24 -28 0
-21 -25 -22 -26 23 27 -24 28 0
-21 -25 -22 -26 23 27 -24 -28 0
-21 -25 -22 -26 23 -27 -24 28 0
-21 -25 -22 -26 23 -27 -24 -28 0
-21 25 -22 26 -23 -27 24 28 0
-21 25 -22 26 -23 -27 24 -28 0
-21 25 -22 -26 -23 27 24 28 0
-21 25 -22 -26 -23 27 24 -28 0
-21 25 -22 -26 -23 -27 24 28 0
-21 25 -22 -26 -23 -27 24 -28 0
-21 -25 -22 26 -23 27 24 28 0
-21 -25 -22 26 -23 27 24 -28 0
-21 -25 -22 26 -23 -27 24 28 0
-21 -25 -22 26 -23 -27 24 -28 0
-21 -25 -22 -26 -23 27 24 28 0
-21 -25 -22 -26 -23 27 24 -28 0
-21 -25 -22 -26 -23 -27 24 28 0
-21 -25 -22 -26 -23 -27 24 -28 0
-21 25 -22 26 -23 27 -24 -28 0
-21 25 -22 26 -23 -27 -24 28 0
-21 25 -22 26 -23 -27 -24 -28 0
-21 25 -22 -26 -23 27 -24 28 0
-21 25 -22 -26 -23 27 -24 -28 0
-21 25 -22 -26 -23 -27 -24 28 0
-21 25 -22 -26 -23 -27 -24 -28 0
-21 -25 -22 26 -23 27 -24 28 0
-21 -25 -22 26 -23 27 -24 -28 0
-21 -25 -22 26 -23 -27 -24 28 0
-21 -25 -22 26 -23 -27 -24 -28 0
-21 -25 -22 -26 -23 27 -24 28 0
-21 -25 -22 -26 -23 27 -24 -28 0
-21 -25 -22 -26 -23 -27 -24 28 0
-21 -25 -22 -26 -23 -27 -24 -28 0
1 25 2 26 3 27 -4 -28 0
1 25 2 26 3 -27 -4 -28 0
1 25 2 -26 3 27 -4 -28 0
1 25 2 -26 3 -27 -4 -28 0
1 -25 2 26 3 27 -4 -28 0
1 -25 2 26 3 -27 -4 -28 0
1 -25 2 -26 3 27 -4 -28 0
1 -25 2 -26 3 -27 -4 -28 0
1 25 2 26 -3 -27 4 28 0
1 25 2 26 -3 -27 4 -28 0
1 25 2 -26 -3 -27 4 28 0
1 25 2 -26 -3 -27 4 -28 0
1 -25 2 26 -3 -27 4 28 0
1 -25 2 26 -3 -27 4 -28 0
1 -25 2 -26 -3 -27 4 28 0
1 -25 2 -26 -3 -27 4 -28 0
1 25 2 26 -3 27 -4 -28 0
1 25 2 26 -3 -27 -4 28 0
1 25 2 26 -3 -27 -4 -28 0
1 25 2 -26 -3 27 -4 -28 0
1 25 2 -26 -3 -27 -4 28 0
1 25 2 -26 -3 -27 -4 -28 0
1 -25 2 26 -3 27 -4 -28 0
1 -25 2 26 -3 -27 -4 28 0
1 -25 2 26 -3 -27 -4 -28 0
1 -25 2 -26 -3 27 -4 -28 0
1 -25 2 -26 -3 -27 -4 28 0
1 -25 2 -26 -3 -27 -4 -28 0
1 25 -2 -26 3 27 4 28 0
1 25 -2 -26 3 27 4 -28 0
1 25 -2 -26 3 -27 4 28 0
1 25 -2 -26 3 -27 4 -28 0
1 -25 -2 -26 3 27 4 28 0
1 -25 -2 -26 3 27 4 -28 0
1 -25 -2 -26 3 -27 4 28 0
1 -25 -2 -26 3 -27 4 -28 0
1 25 -2 26 3 27 -4 -28 0
1 25 -2 26 3 -27 -4 -28 0
1 25 -2 -26 3 27 -4 28 0
1 25 -2 -26 3 27 -4 -28 0
1 25 -2 -26 3 -27 -4 28 0
1 25 -2 -26 3 -27 -4 -28 0
1 -25 -2 26 3 27 -4 -28 0
1 -25 -2 26 3 -27 -4 -28 0
1 -25 -2 -26 3 27 -4 28 0
1 -25 -2 -26 3 27 -4 -28 0
1 -25 -2 -26 3 -27 -4 28 0
1 -25 -2 -26 3 -27 -4 -28 0
1 25 -2 26 -3 -27 4 28 0
1 25 -2 26 -3 -27 4 -28 0
1 25 -2 -26 -3 27 4 28 0
1 25 -2 -26 -3 27 4 -28 0
1 25 -2 -26 -3 -27 4 28 0
1 25 -2 -26 -3 -27 4 -28 0
1 -25 -2 26 -3 -27 4 28 0
1 -25 -2 26 -3 -27 4 -28 0
1 -25 -2 -26 -3 27 4 28 0
1 -25 -2 -26 -3 27 4 -28 0
1 -25 -2 -26 -3 -27 4 28 0
1 -25 -2 -26 -3 -27 4 -28 0
1 25 -2 26 -3 27 -4 -28 0
1 25 -2 26 -3 -27 -4 28 0
1 25 -2 26 -3 -27 -4 -28 0
1 25 -2 -26 -3 27 -4 28 0
1 25 -2 -26 -3 27 -4 -28 0
1 25 -2 -26 -3 -27 -4 28 0
1 25 -2 -26 -3 -27 -4 -28 0
1 -25 -2 26 -3 27 -4 -28 0
1 -25 -2 26 -3 -27 -4 28 0
1 -25 -2 26 -3 -27 -4 -28 0
1 -25 -2 -26 -3 27 -4 28 0
1 -25 -2 -26 -3 27 -4 -28 0
1 -25 -2 -26 -3 -27 -4 28 0
1 -25 -2 -26 -3 -27 -4 -28 0
-1 -25 2 26 3 27 4 28 0
-1 -25 2 26 3 27 4 -28 0
-1 -25 2 26 3 -27 4 28 0
-1 -25 2 26 3 -27 4 -28 0
-1 -25 2 -26 3 27 4 28 0
-1 -25 2 -26 3 27 4 -28 0
-1 -25 2 -26 3 -27 4 28 0
-1 -25 2 -26 3 -27 4 -28 0
-1 25 2 26 3 27 -4 -28 0
-1 25 2 26 3 -27 -4 -28 0
-1 25 2 -26 3 27 -4 -28 0
-1 25 2 -26 3 -27 -4 -28 0
-1 -25 2 26 3 27 -4 28 0
-1 -25 2 26 3 27 -4 -28 0
-1 -25 2 26 3 -27 -4 28 0
-1 -25 2 26 3 -27 -4 -28 0
-1 -25 2 -26 3 27 -4 28 0
-1 -25 2 -26 3 27 -4 -28 0
-1 -25 2 -26 3 -27 -4 28 0
-1 -25 2 -26 3 -27 -4 -28 0
-1 25 2 26 -3 -27 4 28 0
-1 25 2 26 -3 -27 4 -28 0
-1 25 2 -26 -3 -27 4 28 0
-1 25 2 -26 -3 -27 4 -28 0
-1 -25 2 26 -3 27 4 28 0
-1 -25 2 26 -3 27 4 -28 0
-1 -25 2 26 -3 -27 4 28 0
-1 -25 2 26 -3 -27 4 -28 0
-1 -25 2 -26 -3 27 4 28 0
-1 -25 2 -26 -3 27 4 -28 0
-1 -25 2 -26 -3 -27 4 28 0
-1 -25 2 -26 -3 -27 4 -28 0
-1 25 2 26 -3 27 -4 -28 0
-1 25 2 26 -3 -27 -4 28 0
-1 25 2 26 -3 -27 -4 -28 0
-1 25 2 -26 -3 27 -4 -28 0
-1 25 2 -26 -3 -27 -4 28 0
-1 25 2 -26 -3 -27 -4 -28 0
-1 -25 2 26 -3 27 -4 28 0
-1 -25 2 26 -3 27 -4 -28 0
-1 -25 2 26 -3 -27 -4 28 0
-1 -25 2 26 -3 -27 -4 -28 0
-1 -25 2 -26 -3 27 -4 28 0
-1 -25 2 -26 -3 27 -4 -28 0
-1 -25 2 -26 -3 -27 -4 28 0
-1 -25 2 -26 -3 -27 -4 -28 0
-1 25 -2 -26 3 27 4 28 0
-1 25 -2 -26 3 27 4 -28 0
-1 25 -2 -26 3 -27 4 28 0
-1 25 -2 -26 3 -27 4 -28 0
-1 -25 -2 26 3 27 4 28 0
-1 -25 -2 26 3 27 4 -28 0
-1 -25 -2 26 3 -27 4 28 0
-1 -25 -2 26 3 -27 4 -28 0
-1 -25 -2 -26 3 27 4 28 0
-1 -25 -2 -26 3 27 4 -28 0
-1 -25 -2 -26 3 -27 4 28 0
-1 -25 -2 -26 3 -27 4 -28 0
-1 25 -2 26 3 27 -4 -28 0
-1 25 -2 26 3 -27 -4 -28 0
-1 25 -2 -26 3 27 -4 28 0
-1 25 -2 -26 3 27 -4 -28 0
-1 25 -2 -26 3 -27 -4 28 0
-1 25 -2 -26 3 -27 -4 -28 0
-1 -25 -2 26 3 27 -4 28 0
-1 -25 -2 26 3 27 -4 -28 0
-1 -25 -2 26 3 -27 -4 28 0
-1 -25 -2 26 3 -27 -4 -28 0
-1 -25 -2 -26 3 27 -4 28 0
-1 -25 -2 -26 3 27 -4 -28 0
-1 -25 -2 -26 3 -27 -4 28 0
-1 -25 -2 -26 3 -27 -4 -28 0
-1 25 -2 26 -3 -27 4 28 0
-1 25 -2 26 -3 -27 4 -28 0
-1 25 -2 -26 -3 27 4 28 0
-1 25 -2 -26 -3 27 4 -28 0
-1 25 -2 -26 -3 -27 4 28 0
-1 25 -2 -26 -3 -27 4 -28 0
-1 -25 -2 26 -3 27 4 28 0
-1 -25 -2 26 -3 27 4 -28 0
-1 -25 -2 26 -3 -27 4 28 0
-1 -25 -2 26 -3 -27 4 -28 0
-1 -25 -2 -26 -3 27 4 28 0
-1 -25 -2 -26 -3 27 4 -28 0
-1 -25 -2 -26 -3 -27 4 28 0
-1 -25 -2 -26 -3 -27 4 -28 0
-1 25 -2 26 -3 27 -4 -28 0
-1 25 -2 26 -3 -27 -4 28 0
-1 25 -2 26 -3 -27 -4 -28 0
-1 25 -2 -26 -3 27 -4 28 0
-1 25 -2 -26 -3 27 -4 -28 0
-1 25 -2 -26 -3 -27 -4 28 0
-1 25 -2 -26 -3 -27 -4 -28 0
-1 -25 -2 26 -3 27 -4 28 0
-1 -25 -2 26 -3 27 -4 -28 0
-1 -25 -2 26 -3 -27 -4 28 0
-1 -25 -2 26 -3 -27 -4 -28 0
-1 -25 -2 -26 -3 27 -4 28 0
-1 -25 -2 -26 -3 27 -4 -28 0
-1 -25 -2 -26 -3 -27 -4 28 0
-1 -25 -2 -26 -3 -27 -4 -28 0
1 21 2 22 3 23 -4 -24 0
1 21 2 22 3 -23 -4 -24 0
1 21 2 -22 3 23 -4 -24 0
1 21 2 -22 3 -23 -4 -24 0
1 -21 2 22 3 23 -4 -24 0
1 -21 2 22 3 -23 -4 -24 0
1 -21 2 -22 3 23 -4 -24 0
1 -21 2 -22 3 -23 -4 -24 0
1 21 2 22 -3 -23 4 24 0
1 21 2 22 -3 -23 4 -24 0
1 21 2 -22 -3 -23 4 24 0
1 21 2 -22 -3 -23 4 -24 0
1 -21 2 22 -3 -23 4 24 0
1 -21 2 22 -3 -23 4 -24 0
1 -21 2 -22 -3 -23 4 24 0
1 -21 2 -22 -3 -23 4 -24 0
1 21 2 22 -3 23 -4 -24 0
1 21 2 22 -3 -23 -4 24 0
1 21 2 22 -3 -23 -4 -24 0
1 21 2 -22 -3 23 -4 -24 0
1 21 2 -22 -3 -23 -4 24 0
1 21 2 -22 -3 -23 -4 -24 0
1 -21 2 22 -3 23 -4 -24 0
1 -21 2 22 -3 -23 -4 24 0
1 -21 2 22 -3 -23 -4 -24 0
1 -21 2 -22 -3 23 -4 -24 0
1 -21 2 -22 -3 -23 -4 24 0
1 -21 2 -22 -3 -23 -4 -24 0
1 21 -2 -22 3 23 4 24 0
1 21 -2 -22 3 23 4 -24 0
1 21 -2 -22 3 -23 4 24 0
1 21 -2 -22 3 -23 4 -24 0
1 -21 -2 -22 3 23 4 24 0
1 -21 -2 -22 3 23 4 -24 0
1 -21 -2 -22 3 -23 4 24 0
1 -21 -2 -22 3 -23 4 -24 0
1 21 -2 22 3 23 -4 -24 0
1 21 -2 22 3 -23 -4 -24 0
1 21 -2 -22 3 23 -4 24 0
1 21 -2 -22 3 23 -4 -24 0
1 21 -2 -22 3 -23 -4 24 0
1 21 -2 -22 3 -23 -4 -24 0
1 -21 -2 22 3 23 -4 -24 0
1 -21 -2 22 3 -23 -4 -24 0
1 -21 -2 -22 3 23 -4 24 0
1 -21 -2 -22 3 23 -4 -24 0
1 -21 -2 -22 3 -23 -4 24 0
1 -21 -2 -22 3 -23 -4 -24 0
1 21 -2 22 -3 -23 4 24 0
1 21 -2 22 -3 -23 4 -24 0
1 21 -2 -22 -3 23 4 24 0
1 21 -2 -22 -3 23 4 -24 0
1 21 -2 -22 -3 -23 4 24 0
1 21 -2 -22 -3 -23 4 -24 0
1 -21 -2 22 -3 -23 4 24 0
1 -21 -2 22 -3 -23 4 -24 0
1 -21 -2 -22 -3 23 4 24 0
1 -21 -2 -22 -3 23 4 -24 0
1 -21 -2 -22 -3 -23 4 24 0
1 -21 -2 -22 -3 -23 4 -24 0
1 21 -2 22 -3 23 -4 -24 0
1 21 -2 22 -3 -23 -4 24 0
1 21 -2 22 -3 -23 -4 -24 0
1 21 -2 -22 -3 23 -4 24 0
1 21 -2 -22 -3 23 -4 -24 0
1 21 -2 -22 -3 -23 -4 24 0
1 21 -2 -22 -3 -23 -4 -24 0
1 -21 -2 22 -3 23 -4 -24 0
1 -21 -2 22 -3 -23 -4 24 0
1 -21 -2 22 -3 -23 -4 -24 0
1 -21 -2 -22 -3 23 -4 24 0
1 -21 -2 -22 -3 23 -4 -24 0
1 -21 -2 -22 -3 -23 -4 24 0
1 -21 -2 -22 -3 -23 -4 -24 0
-1 -21 2 22 3 23 4 24 0
-1 -21 2 22 3 23 4 -24 0
-1 -21 2 22 3 -23 4 24 0
-1 -21 2 22 3 -23 4 -24 0
-1 -21 2 -22 3 23 4 24 0
-1 -21 2 -22 3 23 4 -24 0
-1 -21 2 -22 3 -23 4 24 0
-1 -21 2 -22 3 -23 4 -24 0
-1 21 2 22 3 23 -4 -24 0
-1 21 2 22 3 -23 -4 -24 0
-1 21 2 -22 3 23 -4 -24 0
-1 21 2 -22 3 -23 -4 -24 0
-1 -21 2 22 3 23 -4 24 0
-1 -21 2 22 3 23 -4 -24 0
-1 -21 2 22 3 -23 -4 24 0
-1 -21 2 22 3 -23 -4 -24 0
-1 -21 2 -22 3 23 -4 24 0
-1 -21 2 -22 3 23 -4 -24 0
-1 -21 2 -22 3 -23 -4 24 0
-1 -21 2 -22 3 -23 -4 -24 0
-1 21 2 22 -3 -23 4 24 0
-1 21 2 22 -3 -23 4 -24 0
-1 21 2 -22 -3 -23 4 24 0
-1 21 2 -22 -3 -23 4 -24 0
-1 -21 2 22 -3 23 4 24 0
-1 -21 2 22 -3 23 4 -24 0
-1 -21 2 22 -3 -23 4 24 0
-1 -21 2 22 -3 -23 4 -24 0
-1 -21 2 -22 -3 23 4 24 0
-1 -21 2 -22 -3 23 4 -24 0
-1 -21 2 -22 -3 -23 4 24 0
-1 -21 2 -22 -3 -23 4 -24 0
-1 21 2 22 -3 23 -4 -24 0
-1 21 2 22 -3 -23 -4 24 0
-1 21 2 22 -3 -23 -4 -24 0
-1 21 2 -22 -3 23 -4 -24 0
-1 21 2 -22 -3 -23 -4 24 0
-1 21 2 -22 -3 -23 -4 -24 0
-1 -21 2 22 -3 23 -4 24 0
-1 -21 2 22 -3 23 -4 -24 0
-1 -21 2 22 -3 -23 -4 24 0
-1 -21 2 22 -3 -23 -4 -24 0
-1 -21 2 -22 -3 23 -4 24 0
-1 -21 2 -22 -3 23 -4 -24 0
-1 -21 2 -22 -3 -23 -4 24 0
-1 -21 2 -22 -3 -23 -4 -24 0
-1 21 -2 -22 3 23 4 24 0
-1 21 -2 -22 3 23 4 -24 0
-1 21 -2 -22 3 -23 4 24 0
-1 21 -2 -22 3 -23 4 -24 0
-1 -21 -2 22 3 23 4 24 0
-1 -21 -2 22 3 23 4 -24 0
-1 -21 -2 22 3 -23 4 24 0
-1 -21 -2 22 3 -23 4 -24 0
-1 -21 -2 -22 3 23 4 24 0
-1 -21 -2 -22 3 23 4 -24 0
-1 -21 -2 -22 3 -23 4 24 0
-1 -21 -2 -22 3 -23 4 -24 0
-1 21 -2 22 3 23 -4 -24 0
-1 21 -2 22 3 -23 -4 -24 0
-1 21 -2 -22 3 23 -4 24 0
-1 21 -2 -22 3 23 -4 -24 0
-1 21 -2 -22 3 -23 -4 24 0
-1 21 -2 -22 3 -23 -4 -24 0
-1 -21 -2 22 3 23 -4 24 0
-1 -21 -2 22 3 23 -4 -24 0
-1 -21 -2 22 3 -23 -4 24 0
-1 -21 -2 22 3 -23 -4 -24 0
-1 -21 -2 -22 3 23 -4 24 0
-1 -21 -2 -22 3 23 -4 -24 0
-1 -21 -2 -22 3 -23 -4 24 0
-1 -21 -2 -22 3 -23 -4 -24 0
-1 21 -2 22 -3 -23 4 24 0
-1 21 -2 22 -3 -23 4 -24 0
-1 21 -2 -22 -3 23 4 24 0
-1 21 -2 -22 -3 23 4 -24 0
-1 21 -2 -22 -3 -23 4 24 0
-1 21 -2 -22 -3 -23 4 -24 0
-1 -21 -2 22 -3 23 4 24 0
-1 -21 -2 22 -3 23 4 -24 0
-1 -21 -2 22 -3 -23 4 24 0
-1 -21 -2 22 -3 -23 4 -24 0
-1 -21 -2 -22 -3 23 4 24 0
-1 -21 -2 -22 -3 23 4 -24 0
-1 -21 -2 -22 -3 -23 4 24 0
-1 -21 -2 -22 -3 -23 4 -24 0
-1 21 -2 22 -3 23 -4 -24 0
-1 21 -2 22 -3 -23 -4 24 0
-1 21 -2 22 -3 -23 -4 -24 0
-1 21 -2 -22 -3 23 -4 24 0
-1 21 -2 -22 -3 23 -4 -24 0
-1 21 -2 -22 -3 -23 -4 24 0
-1 21 -2 -22 -3 -23 -4 -24 0
-1 -21 -2 22 -3 23 -4 24 0
-1 -21 -2 22 -3 23 -4 -24 0
-1 -21 -2 22 -3 -23 -4 24 0
-1 -21 -2 22 -3 -23 -4 -24 0
-1 -21 -2 -22 -3 23 -4 24 0
-1 -21 -2 -22 -3 23 -4 -24 0
-1 -21 -2 -22 -3 -23 -4 24 0
-1 -21 -2 -22 -3 -23 -4 -24 0
1 17 2 18 3 19 -4 -20 0
1 17 2 18 3 -19 -4 -20 0
1 17 2 -18 3 19 -4 -20 0
1 17 2 -18 3 -19 -4 -20 0
1 -17 2 18 3 19 -4 -20 0
1 -17 2 18 3 -19 -4 -20 0
1 -17 2 -18 3 19 -4 -20 0
1 -17 2 -18 3 -19 -4 -20 0
1 17 2 18 -3 -19 4 20 0
1 17 2 18 -3 -19 4 -20 0
1 17 2 -18 -3 -19 4 20 0
1 17 2 -18 -3 -19 4 -20 0
1 -17 2 18 -3 -19 4 20 0
1 -17 2 18 -3 -19 4 -20 0
1 -17 2 -18 -3 -19 4 20 0
1 -17 2 -18 -3 -19 4 -20 0
1 17 2 18 -3 19 -4 -20 0
1 17 2 18 -3 -19 -4 20 0
1 17 2 18 -3 -19 -4 -20 0
1 17 2 -18 -3 19 -4 -20 0
1 17 2 -18 -3 -19 -4 20 0
1 17 2 -18 -3 -19 -4 -20 0
1 -17 2 18 -3 19 -4 -20 0
1 -17 2 18 -3 -19 -4 20 0
1 -17 2 18 -3 -19 -4 -20 0
1 -17 2 -18 -3 19 -4 -20 0
1 -17 2 -18 -3 -19 -4 20 0
1 -17 2 -18 -3 -19 -4 -20 0
1 17 -2 -18 3 19 4 20 0
1 17 -2 -18 3 19 4 -20 0
1 17 -2 -18 3 -19 4 20 0
1 17 -2 -18 3 -19 4 -20 0
1 -17 -2 -18 3 19 4 20 0
1 -17 -2 -18 3 19 4 -20 0
1 -17 -2 -18 3 -19 4 20 0
1 -17 -2 -18 3 -19 4 -20 0
1 17 -2 18 3 19 -4 -20 0
1 17 -2 18 3 -19 -4 -20 0
1 17 -2 -18 3 19 -4 20 0
1 17 -2 -18 3 19 -4 -20 0
1 17 -2 -18 3 -19 -4 20 0
1 17 -2 -18 3 -19 -4 -20 0
1 -17 -2 18 3 19 -4 -20 0
1 -17 -2 18 3 -19 -4 -20 0
1 -17 -2 -18 3 19 -4 20 0
1 -17 -2 -18 3 19 -4 -20 0
1 -17 -2 -18 3 -19 -4 20 0
1 -17 -2 -18 3 -19 -4 -20 0
1 17 -2 18 -3 -19 4 20 0
1 17 -2 18 -3 -19 4 -20 0
1 17 -2 -18 -3 19 4 20 0
1 17 -2 -18 -3 19 4 -20 0
1 17 -2 -18 -3 -19 4 20 0
1 17 -2 -18 -3 -19 4 -20 0
1 -17 -2 18 -3 -19 4 20 0
1 -17 -2 18 -3 -19 4 -20 0
1 -17 -2 -18 -3 19 4 20 0
1 -17 -2 -18 -3 19 4 -20 0
1 -17 -2 -18 -3 -19 4 20 0
1 -17 -2 -18 -3 -19 4 -20 0
1 17 -2 18 -3 19 -4 -20 0
1 17 -2 18 -3 -19 -4 20 0
1 17 -2 18 -3 -19 -4 -20 0
1 17 -2 -18 -3 19 -4 20 0
1 17 -2 -18 -3 19 -4 -20 0
1 17 -2 -18 -3 -19 -4 20 0
1 17 -2 -18 -3 -19 -4 -20 0
1 -17 -2 18 -3 19 -4 -20 0
1 -17 -2 18 -3 -19 -4 20 0
1 -17 -2 18 -3 -19 -4 -20 0
1 -17 -2 -18 -3 19 -4 20 0
1 -17 -2 -18 -3 19 -4 -20 0
1 -17 -2 -18 -3 -19 -4 20 0
1 -17 -2 -18 -3 -19 -4 -20 0
-1 -17 2 18 3 19 4 20 0
-1 -17 2 18 3 19 4 -20 0
-1 -17 2 18 3 -19 4 20 0
-1 -17 2 18 3 -19 4 -20 0
-1 -17 2 -18 3 19 4 20 0
-1 -17 2 -18 3 19 4 -20 0
-1 -17 2 -18 3 -19 4 20 0
-1 -17 2 -18 3 -19 4 -20 0
-1 17 2 18 3 19 -4 -20 0
-1 17 2 18 3 -19 -4 -20 0
-1 17 2 -18 3 19 -4 -20 0
-1 17 2 -18 3 -19 -4 -20 0
-1 -17 2 18 3 19 -4 20 0
-1 -17 2 18 3 19 -4 -20 0
-1 -17 2 18 3 -19 -4 20 0
-1 -17 2 18 3 -19 -4 -20 0
-1 -17 2 -18 3 19 -4 20 0
-1 -17 2 -18 3 19 -4 -20 0
-1 -17 2 -18 3 -19 -4 20 0
-1 -17 2 -18 3 -19 -4 -20 0
-1 17 2 18 -3 -19 4 20 0
-1 17 2 18 -3 -19 4 -20 0
-1 17 2 -18 -3 -19 4 20 0
-1 17 2 -18 -3 -19 4 -20 0
-1 -17 2 18 -3 19 4 20 0
-1 -17 2 18 -3 19 4 -20 0
-1 -17 2 18 -3 -19 4 20 0
-1 -17 2 18 -3 -19 4 -20 0
-1 -17 2 -18 -3 19 4 20 0
-1 -17 2 -18 -3 19 4 -20 0
-1 -17 2 -18 -3 -19 4 20 0
-1 -17 2 -18 -3 -19 4 -20 0
-1 17 2 18 -3 19 -4 -20 0
-1 17 2 18 -3 -19 -4 20 0
-1 17 2 18 -3 -19 -4 -20 0
-1 17 2 -18 -3 19 -4 -20 0
-1 17 2 -18 -3 -19 -4 20 0
-1 17 2 -18 -3 -19 -4 -20 0
-1 -17 2 18 -3 19 -4 20 0
-1 -17 2 18 -3 19 -4 -20 0
-1 -17 2 18 -3 -19 -4 20 0
-1 -17 2 18 -3 -19 -4 -20 0
-1 -17 2 -18 -3 19 -4 20 0
-1 -17 2 -18 -3 19 -4 -20 0
-1 -17 2 -18 -3 -19 -4 20 0
-1 -17 2 -18 -3 -19 -4 -20 0
-1 17 -2 -18 3 19 4 20 0
-1 17 -2 -18 3 19 4 -20 0
-1 17 -2 -18 3 -19 4 20 0
-1 17 -2 -18 3 -19 4 -20 0
-1 -17 -2 18 3 19 4 20 0
-1 -17 -2 18 3 19 4 -20 0
-1 -17 -2 18 3 -19 4 20 0
-1 -17 -2 18 3 -19 4 -20 0
-1 -17 -2 -18 3 19 4 20 0
-1 -17 -2 -18 3 19 4 -20 0
-1 -17 -2 -18 3 -19 4 20 0
-1 -17 -2 -18 3 -19 4 -20 0
-1 17 -2 18 3 19 -4 -20 0
-1 17 -2 18 3 -19 -4 -20 0
-1 17 -2 -18 3 19 -4 20 0
-1 17 -2 -18 3 19 -4 -20 0
-1 17 -2 -18 3 -19 -4 20 0
-1 17 -2 -18 3 -19 -4 -20 0
-1 -17 -2 18 3 19 -4 20 0
-1 -17 -2 18 3 19 -4 -20 0
-1 -17 -2 18 3 -19 -4 20 0
-1 -17 -2 18 3 -19 -4 -20 0
-1 -17 -2 -18 3 19 -4 20 0
-1 -17 -2 -18 3 19 -4 -20 0
-1 -17 -2 -18 3 -19 -4 20 0
-1 -17 -2 -18 3 -19 -4 -20 0
-1 17 -2 18 -3 -19 4 20 0
-1 17 -2 18 -3 -19 4 -20 0
-1 17 -2 -18 -3 19 4 20 0
-1 17 -2 -18 -3 19 4 -20 0
-1 17 -2 -18 -3 -19 4 20 0
-1 17 -2 -18 -3 -19 4 -20 0
-1 -17 -2 18 -3 19 4 20 0
-1 -17 -2 18 -3 19 4 -20 0
-1 -17 -2 18 -3 -19 4 20 0
-1 -17 -2 18 -3 -19 4 -20 0
-1 -17 -2 -18 -3 19 4 20 0
-1 -17 -2 -18 -3 19 4 -20 0
-1 -17 -2 -18 -3 -19 4 20 0
-1 -17 -2 -18 -3 -19 4 -20 0
-1 17 -2 18 -3 19 -4 -20 0
-1 17 -2 18 -3 -19 -4 20 0
-1 17 -2 18 -3 -19 -4 -20 0
-1 17 -2 -18 -3 19 -4 20 0
-1 17 -2 -18 -3 19 -4 -20 0
-1 17 -2 -18 -3 -19 -4 20 0
-1 17 -2 -18 -3 -19 -4 -20 0
-1 -17 -2 18 -3 19 -4 20 0
-1 -17 -2 18 -3 19 -4 -20 0
-1 -17 -2 18 -3 -19 -4 20 0
-1 -17 -2 18 -3 -19 -4 -20 0
-1 -17 -2 -18 -3 19 -4 20 0
-1 -17 -2 -18 -3 19 -4 -20 0
-1 -17 -2 -18 -3 -19 -4 20 0
-1 -17 -2 -18 -3 -19 -4 -20 0
9 25 10 26 11 27 -12 -28 0
9 25 10 26 11 -27 -12 -28 0
9 25 10 -26 11 27 -12 -28 0
9 25 10 -26 11 -27 -12 -28 0
9 -25 10 26 11 27 -12 -28 0
9 -25 10 26 11 -27 -12 -28 0
9 -25 10 -26 11 27 -12 -28 0
9 -25 10 -26 11 -27 -12 -28 0
9 25 10 26 -11 -27 12 28 0
9 25 10 26 -11 -27 12 -28 0
9 25 10 -26 -11 -27 12 28 0
9 25 10 -26 -11 -27 12 -28 0
9 -25 10 26 -11 -27 12 28 0
9 -25 10 26 -11 -27 12 -28 0
9 -25 10 -26 -11 -27 12 28 0
9 -25 10 -26 -11 -27 12 -28 0
9 25 10 26 -11 27 -12 -28 0
9 25 10 26 -11 -27 -12 28 0
9 25 10 26 -11 -27 -12 -28 0
9 25 10 -26 -11 27 -12 -28 0
9 25 10 -26 -11 -27 -12 28 0
9 25 10 -26 -11 -27 -12 -28 0
9 -25 10 26 -11 27 -12 -28 0
9 -25 10 26 -11 -27 -12 28 0
9 -25 10 26 -11 -27 -12 -28 0
9 -25 10 -26 -11 27 -12 -28 0
9 -25 10 -26 -11 -27 -12 28 0
9 -25 10 -26 -11 -27 -12 -28 0
9 25 -10 -26 11 27 12 28 0
9 25 -10 -26 11 27 12 -28 0
9 25 -10 -26 11 -27 12 28 0
9 25 -10 -26 11 -27 12 -28 0
9 -25 -10 -26 11 27 12 28 0
9 -25 -10 -26 11 27 12 -28 0
9 -25 -10 -26 11 -27 12 28 0
9 -25 -10 -26 11 -27 12 -28 0
9 25 -10 26 11 27 -12 -28 0
9 25 -10 26 11 -27 -12 -28 0
9 25 -10 -26 11 27 -12 28 0
9 25 -10 -26 11 27 -12 -28 0
9 25 -10 -26 11 -27 -12 28 0
9 25 -10 -26 11 -27 -12 -28 0
9 -25 -10 26 11 27 -12 -28 0
9 -25 -10 26 11 -27 -12 -28 0
9 -25 -10 -26 11 27 -12 28 0
9 -25 -10 -26 11 27 -12 -28 0
9 -25 -10 -26 11 -27 -12 28 0
9 -25 -10 -26 11 -27 -12 -28 0
9 25 -10 26 -11 -27 12 28 0
9 25 -10 26 -11 -27 12 -28 0
9 25 -10 -26 -11 27 12 28 0
9 25 -10 -26 -11 27 12 -28 0
9 25 -10 -26 -11 -27 12 28 0
9 25 -10 -26 -11 -27 12 -28 0
9 -25 -10 26 -11 -27 12 28 0
9 -25 -10 26 -11 -27 12 -28 0
9 -25 -10 -26 -11 27 12 28 0
9 -25 -10 -26 -11 27 12 -28 0
9 -25 -10 -26 -11 -27 12 28 0
9 -25 -10 -26 -11 -27 12 -28 0
9 25 -10 26 -11 27 -12 -28 0
9 25 -10 26 -11 -27 -12 28 0
9 25 -10 26 -11 -27 -12 -28 0
9 25 -10 -26 -11 27 -12 28 0
9 25 -10 -26 -11 27 -12 -28 0
9 25 -10 -26 -11 -27 -12 28 0
9 25 -10 -26 -11 -27 -12 -28 0
9 -25 -10 26 -11 27 -12 -28 0
9 -25 -10 26 -11 -27 -12 28 0
9 -25 -10 26 -11 -27 -12 -28 0
9 -25 -10 -26 -11 27 -12 28 0
9 -25 -10 -26 -11 27 -12 -28 0
9 -25 -10 -26 -11 -27 -12 28 0
9 -25 -10 -26 -11 -27 -12 -28 0
-9 -25 10 26 11 27 12 28 0
-9 -25 10 26 11 27 12 -28 0
-9 -25 10 26 11 -27 12 28 0
-9 -25 10 26 11 -27 12 -28 0
-9 -25 10 -26 11 27 12 28 0
-9 -25 10 -26 11 27 12 -28 0
-9 -25 10 -26 11 -27 12 28 0
-9 -25 10 -26 11 -27 12 -28 0
-9 25 10 26 11 27 -12 -28 0
-9 25 10 26 11 -27 -12 -28 0
-9 25 10 -26 11 27 -12 -28 0
-9 25 10 -26 11 -27 -12 -28 0
-9 -25 10 26 11 27 -12 28 0
-9 -25 10 26 11 27 -12 -28 0
-9 -25 10 26 11 -27 -12 28 0
-9 -25 10 26 11 -27 -12 -28 0
-9 -25 10 -26 11 27 -12 28 0
-9 -25 10 -26 11 27 -12 -28 0
-9 -25 10 -26 11 -27 -12 28 0
-9 -25 10 -26 11 -27 -12 -28 0
-9 25 10 26 -11 -27 12 28 0
-9 25 10 26 -11 -27 12 -28 0
-9 25 10 -26 -11 -27 12 28 0
-9 25 10 -26 -11 -27 12 -28 0
-9 -25 10 26 -11 27 12 28 0
-9 -25 10 26 -11 27 12 -28 0
-9 -25 10 26 -11 -27 12 28 0
-9 -25 10 26 -11 -27 12 -28 0
-9 -25 10 -26 -11 27 12 28 0
-9 -25 10 -26 -11 27 12 -28 0
-9 -25 10 -26 -11 -27 12 28 0
-9 -25 10 -26 -11 -27 12 -28 0
-9 25 10 26 -11 27 -12 -28 0
-9 25 10 26 -11 -27 -12 28 0
-9 25 10 26 -11 -27 -12 -28 0
-9 25 10 -26 -11 27 -12 -28 0
-9 25 10 -26 -11 -27 -12 28 0
-9 25 10 -26 -11 -27 -12 -28 0
-9 -25 10 26 -11 27 -12 28 0
-9 -25 10 26 -11 27 -12 -28 0
-9 -25 10 26 -11 -27 -12 28 0
-9 -25 10 26 -11 -27 -12 -28 0
-9 -25 10 -26 -11 27 -12 28 0
-9 -25 10 -26 -11 27 -12 -28 0
-9 -25 10 -26 -11 -27 -12 28 0
-9 -25 10 -26 -11 -27 -12 -28 0
-9 25 -10 -26 11 27 12 28 0
-9 25 -10 -26 11 27 12 -28 0
-9 25 -10 -26 11 -27 12 28 0
-9 25 -10 -26 11 -27 12 -28 0
-9 -25 -10 26 11 27 12 28 0
-9 -25 -10 26 11 27 12 -28 0
-9 -25 -10 26 11 -27 12 28 0
-9 -25 -10 26 11 -27 12 -28 0
-9 -25 -10 -26 11 27 12 28 0
-9 -25 -10 -26 11 27 12 -28 0
-9 -25 -10 -26 11 -27 12 28 0
-9 -25 -10 -26 11 -27 12 -28 0
-9 25 -10 26 11 27 -12 -28 0
-9 25 -10 26 11 -27 -12 -28 0
-9 25 -10 -26 11 27 -12 28 0
-9 25 -10 -26 11 27 -12 -28 0
-9 25 -10 -26 11 -27 -12 28 0
-9 25 -10 -26 11 -27 -12 -28 0
-9 -25 -10 26 11 27 -12 28 0
-9 -25 -10 26 11 27 -12 -28 0
-9 -25 -10 26 11 -27 -12 28 0
-9 -25 -10 26 11 -27 -12 -28 0
-9 -25 -10 -26 11 27 -12 28 0
-9 -25 -10 -26 11 27 -12 -28 0
-9 -25 -10 -26 11 -27 -12 28 0
-9 -25 -10 -26 11 -27 -12 -28 0
-9 25 -10 26 -11 -27 12 28 0
-9 25 -10 26 -11 -27 12 -28 0
-9 25 -10 -26 -11 27 12 28 0
-9 25 -10 -26 -11 27 12 -28 0
-9 25 -10 -26 -11 -27 12 28 0
-9 25 -10 -26 -11 -27 12 -28 0
-9 -25 -10 26 -11 27 12 28 0
-9 -25 -10 26 -11 27 12 -28 0
-9 -25 -10 26 -11 -27 12 28 0
-9 -25 -10 26 -11 -27 12 -28 0
-9 -25 -10 -26 -11 27 12 28 0
-9 -25 -10 -26 -11 27 12 -28 0
-9 -25 -10 -26 -11 -27 12 28 0
-9 -25 -10 -26 -11 -27 12 -28 0
-9 25 -10 26 -11 27 -12 -28 0
-9 25 -10 26 -11 -27 -12 28 0
-9 25 -10 26 -11 -27 -12 -28 0
-9 25 -10 -26 -11 27 -12 28 0
-9 25 -10 -26 -11 27 -12 -28 0
-9 25 -10 -26 -11 -27 -12 28 0
-9 25 -10 -26 -11 -27 -12 -28 0
-9 -25 -10 26 -11 27 -12 28 0
-9 -25 -10 26 -11 27 -12 -28 0
-9 -25 -10 26 -11 -27 -12 28 0
-9 -25 -10 26 -11 -27 -12 -28 0
-9 -25 -10 -26 -11 27 -12 28 0
-9 -25 -10 -26 -11 27 -12 -28 0
-9 -25 -10 -26 -11 -27 -12 28 0
-9 -25 -10 -26 -11 -27 -12 -28 0
13 21 14 22 15 23 -16 -24 0
13 21 14 22 15 -23 -16 -24 0
13 21 14 -22 15 23 -16 -24 0
13 21 14 -22 15 -23 -16 -24 0
13 -21 14 22 15 23 -16 -24 0
13 -21 14 22 15 -23 -16 -24 0
13 -21 14 -22 15 23 -16 -24 0
13 -21 14 -22 15 -23 -16 -24 0
13 21 14 22 -15 -23 16 24 0
13 21 14 22 -15 -23 16 -24 0
13 21 14 -22 -15 -23 16 24 0
13 21 14 -22 -15 -23 16 -24 0
13 -21 14 22 -15 -23 16 24 0
13 -21 14 22 -15 -23 16 -24 0
13 -21 14 -22 -15 -23 16 24 0
13 -21 14 -22 -15 -23 16 -24 0
13 21 14 22 -15 23 -16 -24 0
13 21 14 22 -15 -23 -16 24 0
13 21 14 22 -15 -23 -16 -24 0
13 21 14 -22 -15 23 -16 -24 0
13 21 14 -22 -15 -23 -16 24 0
13 21 14 -22 -15 -23 -16 -24 0
13 -21 14 22 -15 23 -16 -24 0
13 -21 14 22 -15 -23 -16 24 0
13 -21 14 22 -15 -23 -16 -24 0
13 -21 14 -22 -15 23 -16 -24 0
13 -21 14 -22 -15 -23 -16 24 0
13 -21 14 -22 -15 -23 -16 -24 0
13 21 -14 -22 15 23 16 24 0
13 21 -14 -22 15 23 16 -24 0
13 21 -14 -22 15 -23 16 24 0
13 21 -14 -22 15 -23 16 -24 0
13 -21 -14 -22 15 23 16 24 0
13 -21 -14 -22 15 23 16 -24 0
13 -21 -14 -22 15 -23 16 24 0
13 -21 -14 -22 15 -23 16 -24 0
13 21 -14 22 15 23 -16 -24 0
13 21 -14 22 15 -23 -16 -24 0
13 21 -14 -22 15 23 -16 24 0
13 21 -14 -22 15 23 -16 -24 0
13 21 -14 -22 15 -23 -16 24 0
13 21 -14 -22 15 -23 -16 -24 0
13 -21 -14 22 15 23 -16 -24 0
13 -21 -14 22 15 -23 -16 -24 0
13 -21 -14 -22 15 23 -16 24 0
13 -21 -14 -22 15 23 -16 -24 0
13 -21 -14 -22 15 -23 -16 24 0
13 -21 -14 -22 15 -23 -16 -24 0
13 21 -14 22 -15 -23 16 24 0
13 21 -14 22 -15 -23 16 -24 0
13 21 -14 -22 -15 23 16 24 0
13 21 -14 -22 -15 23 16 -24 0
13 21 -14 -22 -15 -23 16 24 0
13 21 -14 -22 -15 -23 16 -24 0
13 -21 -14 22 -15 -23 16 24 0
13 -21 -14 22 -15 -23 16 -24 0
13 -21 -14 -22 -15 23 16 24 0
13 -21 -14 -22 -15 23 16 -24 0
13 -21 -14 -22 -15 -23 16 24 0
13 -21 -14 -22 -15 -23 16 -24 0
13 21 -14 22 -15 23 -16 -24 0
13 21 -14 22 -15 -23 -16 24 0
13 21 -14 22 -15 -23 -16 -24 0
13 21 -14 -22 -15 23 -16 24 0
13 21 -14 -22 -15 23 -16 -24 0
13 21 -14 -22 -15 -23 -16 24 0
13 21 -14 -22 -15 -23 -16 -24 0
13 -21 -14 22 -15 23 -16 -24 0
13 -21 -14 22 -15 -23 -16 24 0
13 -21 -14 22 -15 -23 -16 -24 0
13 -21 -14 -22 -15 23 -16 24 0
13 -21 -14 -22 -15 23 -16 -24 0
13 -21 -14 -22 -15 -23 -16 24 0
13 -21 -14 -22 -15 -23 -16 -24 0
-13 -21 14 22 15 23 16 24 0
-13 -21 14 22 15 23 16 -24 0
-13 -21 14 22 15 -23 16 24 0
-13 -21 14 22 15 -23 16 -24 0
-13 -21 14 -22 15 23 16 24 0
-13 -21 14 -22 15 23 16 -24 0
-13 -21 14 -22 15 -23 16 24 0
-13 -21 14 -22 15 -23 16 -24 0
-13 21 14 22 15 23 -16 -24 0
-13 21 14 22 15 -23 -16 -24 0
-13 21 14 -22 15 23 -16 -24 0
-13 21 14 -22 15 -23 -16 -24 0
-13 -21 14 22 15 23 -16 24 0
-13 -21 14 22 15 23 -16 -24 0
-13 -21 14 22 15 -23 -16 24 0
-13 -21 14 22 15 -23 -16 -24 0
-13 -21 14 -22 15 23 -16 24 0
-13 -21 14 -22 15 23 -16 -24 0
-13 -21 14 -22 15 -23 -16 24 0
-13 -21 14 -22 15 -23 -16 -24 0
-13 21 14 22 -15 -23 16 24 0
-13 21 14 22 -15 -23 16 -24 0
-13 21 14 -22 -15 -23 16 24 0
-13 21 14 -22 -15 -23 16 -24 0
-13 -21 14 22 -15 23 16 24 0
-13 -21 14 22 -15 23 16 -24 0
-13 -21 14 22 -15 -23 16 24 0
-13 -21 14 22 -15 -23 16 -24 0
-13 -21 14 -22 -15 23 16 24 0
-13 -21 14 -22 -15 23 16 -24 0
-13 -21 14 -22 -15 -23 16 24 0
-13 -21 14 -22 -15 -23 16 -24 0
-13 21 14 22 -15 23 -16 -24 0
-13 21 14 22 -15 -23 -16 24 0
-13 21 14 22 -15 -23 -16 -24 0
-13 21 14 -22 -15 23 -16 -24 0
-13 21 14 -22 -15 -23 -16 24 0
-13 21 14 -22 -15 -23 -16 -24 0
-13 -21 14 22 -15 23 -16 24 0
-13 -21 14 22 -15 23 -16 -24 0
-13 -21 14 22 -15 -23 -16 24 0
-13 -21 14 22 -15 -23 -16 -24 0
-13 -21 14 -22 -15 23 -16 24 0
-13 -21 14 -22 -15 23 -16 -24 0
-13 -21 14 -22 -15 -23 -16 24 0
-13 -21 14 -22 -15 -23 -16 -24 0
-13 21 -14 -22 15 23 16 24 0
-13 21 -14 -22 15 23 16 -24 0
-13 21 -14 -22 15 -23 16 24 0
-13 21 -14 -22 15 -23 16 -24 0
-13 -21 -14 22 15 23 16 24 0
-13 -21 -14 22 15 23 16 -24 0
-13 -21 -14 22 15 -23 16 24 0
-13 -21 -14 22 15 -23 16 -24 0
-13 -21 -14 -22 15 23 16 24 0
-13 -21 -14 -22 15 23 16 -24 0
-13 -21 -14 -22 15 -23 16 24 0
-13 -21 -14 -22 15 -23 16 -24 0
-13 21 -14 22 15 23 -16 -24 0
-13 21 -14 22 15 -23 -16 -24 0
-13 21 -14 -22 15 23 -16 24 0
-13 21 -14 -22 15 23 -16 -24 0
-13 21 -14 -22 15 -23 -16 24 0
-13 21 -14 -22 15 -23 -16 -24 0
-13 -21 -14 22 15 23 -16 24 0
-13 -21 -14 22 15 23 -16 -24 0
-13 -21 -14 22 15 -23 -16 24 0
-13 -21 -14 22 15 -23 -16 -24 0
-13 -21 -14 -22 15 23 -16 24 0
-13 -21 -14 -22 15 23 -16 -24 0
-13 -21 -14 -22 15 -23 -16 24 0
-13 -21 -14 -22 15 -23 -16 -24 0
-13 21 -14 22 -15 -23 16 24 0
-13 21 -14 22 -15 -23 16 -24 0
-13 21 -14 -22 -15 23 16 24 0
-13 21 -14 -22 -15 23 16 -24 0
-13 21 -14 -22 -15 -23 16 24 0
-13 21 -14 -22 -15 -23 16 -24 0
-13 -21 -14 22 -15 23 16 24 0
-13 -21 -14 22 -15 23 16 -24 0
-13 -21 -14 22 -15 -23 16 24 0
-13 -21 -14 22 -15 -23 16 -24 0
-13 -21 -14 -22 -15 23 16 24 0
-13 -21 -14 -22 -15 23 16 -24 0
-13 -21 -14 -22 -15 -23 16 24 0
-13 -21 -14 -22 -15 -23 16 -24 0
-13 21 -14 22 -15 23 -16 -24 0
-13 21 -14 22 -15 -23 -16 24 0
-13 21 -14 22 -15 -23 -16 -24 0
-13 21 -14 -22 -15 23 -16 24 0
-13 21 -14 -22 -15 23 -16 -24 0
-13 21 -14 -22 -15 -23 -16 24 0
-13 21 -14 -22 -15 -23 -16 -24 0
-13 -21 -14 22 -15 23 -16 24 0
-13 -21 -14 22 -15 23 -16 -24 0
-13 -21 -14 22 -15 -23 -16 24 0
-13 -21 -14 22 -15 -23 -16 -24 0
-13 -21 -14 -22 -15 23 -16 24 0
-13 -21 -14 -22 -15 23 -16 -24 0
-13 -21 -14 -22 -15 -23 -16 24 0
-13 -21 -14 -22 -15 -23 -16 -24 0
5 25 6 26 7 27 -8 -28 0
5 25 6 26 7 -27 -8 -28 0
5 25 6 -26 7 27 -8 -28 0
5 25 6 -26 7 -27 -8 -28 0
5 -25 6 26 7 27 -8 -28 0
5 -25 6 26 7 -27 -8 -28 0
5 -25 6 -26 7 27 -8 -28 0
5 -25 6 -26 7 -27 -8 -28 0
5 25 6 26 -7 -27 8 28 0
5 25 6 26 -7 -27 8 -28 0
5 25 6 -26 -7 -27 8 28 0
5 25 6 -26 -7 -27 8 -28 0
5 -25 6 26 -7 -27 8 28 0
5 -25 6 26 -7 -27 8 -28 0
5 -25 6 -26 -7 -27 8 28 0
5 -25 6 -26 -7 -27 8 -28 0
5 25 6 26 -7 27 -8 -28 0
5 25 6 26 -7 -27 -8 28 0
5 25 6 26 -7 -27 -8 -28 0
5 25 6 -26 -7 27 -8 -28 0
5 25 6 -26 -7 -27 -8 28 0
5 25 6 -26 -7 -27 -8 -28 0
5 -25 6 26 -7 27 -8 -28 0
5 -25 6 26 -7 -27 -8 28 0
5 -25 6 26 -7 -27 -8 -28 0
5 -25 6 -26 -7 27 -8 -28 0
5 -25 6 -26 -7 -27 -8 28 0
5 -25 6 -26 -7 -27 -8 -28 0
5 25 -6 -26 7 27 8 28 0
5 25 -6 -26 7 27 8 -28 0
5 25 -6 -26 7 -27 8 28 0
5 25 -6 -26 7 -27 8 -28 0
5 -25 -6 -26 7 27 8 28 0
5 -25 -6 -26 7 27 8 -28 0
5 -25 -6 -26 7 -27 8 28 0
5 -25 -6 -26 7 -27 8 -28 0
5 25 -6 26 7 27 -8 -28 0
5 25 -6 26 7 -27 -8 -28 0
5 25 -6 -26 7 27 -8 28 0
5 25 -6 -26 7 27 -8 -28 0
5 25 -6 -26 7 -27 -8 28 0
5 25 -6 -26 7 -27 -8 -28 0
5 -25 -6 26 7 27 -8 -28 0
5 -25 -6 26 7 -27 -8 -28 0
5 -25 -6 -26 7 27 -8 28 0
5 -25 -6 -26 7 27 -8 -28 0
5 -25 -6 -26 7 -27 -8 28 0
5 -25 -6 -26 7 -27 -8 -28 0
5 25 -6 26 -7 -27 8 28 0
5 25 -6 26 -7 -27 8 -28 0
5 25 -6 -26 -7 27 8 28 0
5 25 -6 -26 -7 27 8 -28 0
5 25 -6 -26 -7 -27 8 28 0
5 25 -6 -26 -7 -27 8 -28 0
5 -25 -6 26 -7 -27 8 28 0
5 -25 -6 26 -7 -27 8 -28 0
5 -25 -6 -26 -7 27 8 28 0
5 -25 -6 -26 -7 27 8 -28 0
5 -25 -6 -26 -7 -27 8 28 0
5 -25 -6 -26 -7 -27 8 -28 0
5 25 -6 26 -7 27 -8 -28 0
5 25 -6 26 -7 -27 -8 28 0
5 25 -6 26 -7 -27 -8 -28 0
5 25 -6 -26 -7 27 -8 28 0
5 25 -6 -26 -7 27 -8 -28 0
5 25 -6 -26 -7 -27 -8 28 0
5 25 -6 -26 -7 -27 -8 -28 0
5 -25 -6 26 -7 27 -8 -28 0
5 -25 -6 26 -7 -27 -8 28 0
5 -25 -6 26 -7 -27 -8 -28 0
5 -25 -6 -26 -7 27 -8 28 0
5 -25 -6 -26 -7 27 -8 -28 0
5 -25 -6 -26 -7 -27 -8 28 0
5 -25 -6 -26 -7 -27 -8 -28 0
-5 -25 6 26 7 27 8 28 0
-5 -25 6 26 7 27 8 -28 0
-5 -25 6 26 7 -27 8 28 0
-5 -25 6 26 7 -27 8 -28 0
-5 -25 6 -26 7 27 8 28 0
-5 -25 6 -26 7 27 8 -28 0
-5 -25 6 -26 7 -27 8 28 0
-5 -25 6 -26 7 -27 8 -28 0
-5 25 6 26 7 27 -8 -28 0
-5 25 6 26 7 -27 -8 -28 0
-5 25 6 -26 7 27 -8 -28 0
-5 25 6 -26 7 -27 -8 -28 0
-5 -25 6 26 7 27 -8 28 0
-5 -25 6 26 7 27 -8 -28 0
-5 -25 6 26 7 -27 -8 28 0
-5 -25 6 26 7 -27 -8 -28 0
-5 -25 6 -26 7 27 -8 28 0
-5 -25 6 -26 7 27 -8 -28 0
-5 -25 6 -26 7 -27 -8 28 0
-5 -25 6 -26 7 -27 -8 -28 0
-5 25 6 26 -7 -27 8 28 0
-5 25 6 26 -7 -27 8 -28 0
-5 25 6 -26 -7 -27 8 28 0
-5 25 6 -26 -7 -27 8 -28 0
-5 -25 6 26 -7 27 8 28 0
-5 -25 6 26 -7 27 8 -28 0
-5 -25 6 26 -7 -27 8 28 0
-5 -25 6 26 -7 -27 8 -28 0
-5 -25 6 -26 -7 27 8 28 0
-5 -25 6 -26 -7 27 8 -28 0
-5 -25 6 -26 -7 -27 8 28 0
-5 -25 6 -26 -7 -27 8 -28 0
-5 25 6 26 -7 27 -8 -28 0
-5 25 6 26 -7 -27 -8 28 0
-5 25 6 26 -7 -27 -8 -28 0
-5 25 6 -26 -7 27 -8 -28 0
-5 25 6 -26 -7 -27 -8 28 0
-5 25 6 -26 -7 -27 -8 -28 0
-5 -25 6 26 -7 27 -8 28 0
-5 -25 6 26 -7 27 -8 -28 0
-5 -25 6 26 -7 -27 -8 28 0
-5 -25 6 26 -7 -27 -8 -28 0
-5 -25 6 -26 -7 27 -8 28 0
-5 -25 6 -26 -7 27 -8 -28 0
-5 -25 6 -26 -7 -27 -8 28 0
-5 -25 6 -26 -7 -27 -8 -28 0
-5 25 -6 -26 7 27 8 28 0
-5 25 -6 -26 7 27 8 -28 0
-5 25 -6 -26 7 -27 8 28 0
-5 25 -6 -26 7 -27 8 -28 0
-5 -25 -6 26 7 27 8 28 0
-5 -25 -6 26 7 27 8 -28 0
-5 -25 -6 26 7 -27 8 28 0
-5 -25 -6 26 7 -27 8 -28 0
-5 -25 -6 -26 7 27 8 28 0
-5 -25 -6 -26 7 27 8 -28 0
-5 -25 -6 -26 7 -27 8 28 0
-5 -25 -6 -26 7 -27 8 -28 0
-5 25 -6 26 7 27 -8 -28 0
-5 25 -6 26 7 -27 -8 -28 0
-5 25 -6 -26 7 27 -8 28 0
-5 25 -6 -26 7 27 -8 -28 0
-5 25 -6 -26 7 -27 -8 28 0
-5 25 -6 -26 7 -27 -8 -28 0
-5 -25 -6 26 7 27 -8 28 0
-5 -25 -6 26 7 27 -8 -28 0
-5 -25 -6 26 7 -27 -8 28 0
-5 -25 -6 26 7 -27 -8 -28 0
-5 -25 -6 -26 7 27 -8 28 0
-5 -25 -6 -26 7 27 -8 -28 0
-5 -25 -6 -26 7 -27 -8 28 0
-5 -25 -6 -26 7 -27 -8 -28 0
-5 25 -6 26 -7 -27 8 28 0
-5 25 -6 26 -7 -27 8 -28 0
-5 25 -6 -26 -7 27 8 28 0
-5 25 -6 -26 -7 27 8 -28 0
-5 25 -6 -26 -7 -27 8 28 0
-5 25 -6 -26 -7 -27 8 -28 0
-5 -25 -6 26 -7 27 8 28 0
-5 -25 -6 26 -7 27 8 -28 0
-5 -25 -6 26 -7 -27 8 28 0
-5 -25 -6 26 -7 -27 8 -28 0
-5 -25 -6 -26 -7 27 8 28 0
-5 -25 -6 -26 -7 27 8 -28 0
-5 -25 -6 -26 -7 -27 8 28 0
-5 -25 -6 -26 -7 -27 8 -28 0
-5 25 -6 26 -7 27 -8 -28 0
-5 25 -6 26 -7 -27 -8 28 0
-5 25 -6 26 -7 -27 -8 -28 0
-5 25 -6 -26 -7 27 -8 28 0
-5 25 -6 -26 -7 27 -8 -28 0
-5 25 -6 -26 -7 -27 -8 28 0
-5 25 -6 -26 -7 -27 -8 -28 0
-5 -25 -6 26 -7 27 -8 28 0
-5 -25 -6 26 -7 27 -8 -28 0
-5 -25 -6 26 -7 -27 -8 28 0
-5 -25 -6 26 -7 -27 -8 -28 0
-5 -25 -6 -26 -7 27 -8 28 0
-5 -25 -6 -26 -7 27 -8 -28 0
-5 -25 -6 -26 -7 -27 -8 28 0
-5 -25 -6 -26 -7 -27 -8 -28 0
