p cnf 21 479
1 -2 -3 0
-1 2 -3 0
-1 -2 3 0
-1 -2 -3 0
1 2 3 0
4 -5 -6 0
-4 5 -6 0
-4 -5 6 0
-4 -5 -6 0
4 5 6 0
7 -8 -9 0
-7 8 -9 0
-7 -8 9 0
-7 -8 -9 0
7 8 9 0
10 -11 -12 0
-10 11 -12 0
-10 -11 12 0
-10 -11 -12 0
10 11 12 0
13 -14 -15 0
-13 14 -15 0
-13 -14 15 0
-13 -14 -15 0
13 14 15 0
16 -17 -18 0
-16 17 -18 0
-16 -17 18 0
-16 -17 -18 0
16 17 18 0
19 -20 -21 0
-19 20 -21 0
-19 -20 21 0
-19 -20 -21 0
19 20 21 0
1 4 2 5 -3 -6 0
1 4 2 -5 -3 -6 0
1 -4 2 5 -3 -6 0
1 -4 2 -5 -3 -6 0
1 4 -2 -5 3 6 0
1 4 -2 -5 3 -6 0
1 -4 -2 -5 3 6 0
1 -4 -2 -5 3 -6 0
1 4 -2 5 -3 -6 0
1 4 -2 -5 -3 6 0
1 4 -2 -5 -3 -6 0
1 -4 -2 5 -3 -6 0
1 -4 -2 -5 -3 6 0
1 -4 -2 -5 -3 -6 0
-1 -4 2 5 3 6 0
-1 -4 2 5 3 -6 0
-1 -4 2 -5 3 6 0
-1 -4 2 -5 3 -6 0
-1 4 2 5 -3 -6 0
-1 4 2 -5 -3 -6 0
-1 -4 2 5 -3 6 0
-1 -4 2 5 -3 -6 0
-1 -4 2 -5 -3 6 0
-1 -4 2 -5 -3 -6 0
-1 4 -2 -5 3 6 0
-1 4 -2 -5 3 -6 0
-1 -4 -2 5 3 6 0
-1 -4 -2 5 3 -6 0
-1 -4 -2 -5 3 6 0
-1 -4 -2 -5 3 -6 0
-1 4 -2 5 -3 -6 0
-1 4 -2 -5 -3 6 0
-1 4 -2 -5 -3 -6 0
-1 -4 -2 5 -3 6 0
-1 -4 -2 5 -3 -6 0
-1 -4 -2 -5 -3 6 0
-1 -4 -2 -5 -3 -6 0
4 7 5 8 -6 -9 0
4 7 5 -8 -6 -9 0
4 -7 5 8 -6 -9 0
4 -7 5 -8 -6 -9 0
4 7 -5 -8 6 9 0
4 7 -5 -8 6 -9 0
4 -7 -5 -8 6 9 0
4 -7 -5 -8 6 -9 0
4 7 -5 8 -6 -9 0
4 7 -5 -8 -6 9 0
4 7 -5 -8 -6 -9 0
4 -7 -5 8 -6 -9 0
4 -7 -5 -8 -6 9 0
4 -7 -5 -8 -6 -9 0
-4 -7 5 8 6 9 0
-4 -7 5 8 6 -9 0
-4 -7 5 -8 6 9 0
-4 -7 5 -8 6 -9 0
-4 7 5 8 -6 -9 0
-4 7 5 -8 -6 -9 0
-4 -7 5 8 -6 9 0
-4 -7 5 8 -6 -9 0
-4 -7 5 -8 -6 9 0
-4 -7 5 -8 -6 -9 0
-4 7 -5 -8 6 9 0
-4 7 -5 -8 6 -9 0
-4 -7 -5 8 6 9 0
-4 -7 -5 8 6 -9 0
-4 -7 -5 -8 6 9 0
-4 -7 -5 -8 6 -9 0
-4 7 -5 8 -6 -9 0
-4 7 -5 -8 -6 9 0
-4 7 -5 -8 -6 -9 0
-4 -7 -5 8 -6 9 0
-4 -7 -5 8 -6 -9 0
-4 -7 -5 -8 -6 9 0
-4 -7 -5 -8 -6 -9 0
7 10 8 11 -9 -12 0
7 10 8 -11 -9 -12 0
7 -10 8 11 -9 -12 0
7 -10 8 -11 -9 -12 0
7 10 -8 -11 9 12 0
7 10 -8 -11 9 -12 0
7 -10 -8 -11 9 12 0
7 -10 -8 -11 9 -12 0
7 10 -8 11 -9 -12 0
7 10 -8 -11 -9 12 0
7 10 -8 -11 -9 -12 0
7 -10 -8 11 -9 -12 0
7 -10 -8 -11 -9 12 0
7 -10 -8 -11 -9 -12 0
-7 -10 8 11 9 12 0
-7 -10 8 11 9 -12 0
-7 -10 8 -11 9 12 0
-7 -10 8 -11 9 -12 0
-7 10 8 11 -9 -12 0
-7 10 8 -11 -9 -12 0
-7 -10 8 11 -9 12 0
-7 -10 8 11 -9 -12 0
-7 -10 8 -11 -9 12 0
-7 -10 8 -11 -9 -12 0
-7 10 -8 -11 9 12 0
-7 10 -8 -11 9 -12 0
-7 -10 -8 11 9 12 0
-7 -10 -8 11 9 -12 0
-7 -10 -8 -11 9 12 0
-7 -10 -8 -11 9 -12 0
-7 10 -8 11 -9 -12 0
-7 10 -8 -11 -9 12 0
-7 10 -8 -11 -9 -12 0
-7 -10 -8 11 -9 12 0
-7 -10 -8 11 -9 -12 0
-7 -10 -8 -11 -9 12 0
-7 -10 -8 -11 -9 -12 0
10 13 11 14 -12 -15 0
10 13 11 -14 -12 -15 0
10 -13 11 14 -12 -15 0
10 -13 11 -14 -12 -15 0
10 13 -11 -14 12 15 0
10 13 -11 -14 12 -15 0
10 -13 -11 -14 12 15 0
10 -13 -11 -14 12 -15 0
10 13 -11 14 -12 -15 0
10 13 -11 -14 -12 15 0
10 13 -11 -14 -12 -15 0
10 -13 -11 14 -12 -15 0
10 -13 -11 -14 -12 15 0
10 -13 -11 -14 -12 -15 0
-10 -13 11 14 12 15 0
-10 -13 11 14 12 -15 0
-10 -13 11 -14 12 15 0
-10 -13 11 -14 12 -15 0
-10 13 11 14 -12 -15 0
-10 13 11 -14 -12 -15 0
-10 -13 11 14 -12 15 0
-10 -13 11 14 -12 -15 0
-10 -13 11 -14 -12 15 0
-10 -13 11 -14 -12 -15 0
-10 13 -11 -14 12 15 0
-10 13 -11 -14 12 -15 0
-10 -13 -11 14 12 15 0
-10 -13 -11 14 12 -15 0
-10 -13 -11 -14 12 15 0
-10 -13 -11 -14 12 -15 0
-10 13 -11 14 -12 -15 0
-10 13 -11 -14 -12 15 0
-10 13 -11 -14 -12 -15 0
-10 -13 -11 14 -12 15 0
-10 -13 -11 14 -12 -15 0
-10 -13 -11 -14 -12 15 0
-10 -13 -11 -14 -12 -15 0
13 16 14 17 -15 -18 0
13 16 14 -17 -15 -18 0
13 -16 14 17 -15 -18 0
13 -16 14 -17 -15 -18 0
13 16 -14 -17 15 18 0
13 16 -14 -17 15 -18 0
13 -16 -14 -17 15 18 0
13 -16 -14 -17 15 -18 0
13 16 -14 17 -15 -18 0
13 16 -14 -17 -15 18 0
13 16 -14 -17 -15 -18 0
13 -16 -14 17 -15 -18 0
13 -16 -14 -17 -15 18 0
13 -16 -14 -17 -15 -18 0
-13 -16 14 17 15 18 0
-13 -16 14 17 15 -18 0
-13 -16 14 -17 15 18 0
-13 -16 14 -17 15 -18 0
-13 16 14 17 -15 -18 0
-13 16 14 -17 -15 -18 0
-13 -16 14 17 -15 18 0
-13 -16 14 17 -15 -18 0
-13 -16 14 -17 -15 18 0
-13 -16 14 -17 -15 -18 0
-13 16 -14 -17 15 18 0
-13 16 -14 -17 15 -18 0
-13 -16 -14 17 15 18 0
-13 -16 -14 17 15 -18 0
-13 -16 -14 -17 15 18 0
-13 -16 -14 -17 15 -18 0
-13 16 -14 17 -15 -18 0
-13 16 -14 -17 -15 18 0
-13 16 -14 -17 -15 -18 0
-13 -16 -14 17 -15 18 0
-13 -16 -14 17 -15 -18 0
-13 -16 -14 -17 -15 18 0
-13 -16 -14 -17 -15 -18 0
16 19 17 20 -18 -21 0
16 19 17 -20 -18 -21 0
16 -19 17 20 -18 -21 0
16 -19 17 -20 -18 -21 0
16 19 -17 -20 18 21 0
16 19 -17 -20 18 -21 0
16 -19 -17 -20 18 21 0
16 -19 -17 -20 18 -21 0
16 19 -17 20 -18 -21 0
16 19 -17 -20 -18 21 0
16 19 -17 -20 -18 -21 0
16 -19 -17 20 -18 -21 0
16 -19 -17 -20 -18 21 0
16 -19 -17 -20 -18 -21 0
-16 -19 17 20 18 21 0
-16 -19 17 20 18 -21 0
-16 -19 17 -20 18 21 0
-16 -19 17 -20 18 -21 0
-16 19 17 20 -18 -21 0
-16 19 17 -20 -18 -21 0
-16 -19 17 20 -18 21 0
-16 -19 17 20 -18 -21 0
-16 -19 17 -20 -18 21 0
-16 -19 17 -20 -18 -21 0
-16 19 -17 -20 18 21 0
-16 19 -17 -20 18 -21 0
-16 -19 -17 20 18 21 0
-16 -19 -17 20 18 -21 0
-16 -19 -17 -20 18 21 0
-16 -19 -17 -20 18 -21 0
-16 19 -17 20 -18 -21 0
-16 19 -17 -20 -18 21 0
-16 19 -17 -20 -18 -21 0
-16 -19 -17 20 -18 21 0
-16 -19 -17 20 -18 -21 0
-16 -19 -17 -20 -18 21 0
-16 -19 -17 -20 -18 -21 0
1 19 2 20 -3 -21 0
1 19 2 -20 -3 -21 0
1 -19 2 20 -3 -21 0
1 -19 2 -20 -3 -21 0
1 19 -2 -20 3 21 0
1 19 -2 -20 3 -21 0
1 -19 -2 -20 3 21 0
1 -19 -2 -20 3 -21 0
1 19 -2 20 -3 -21 0
1 19 -2 -20 -3 21 0
1 19 -2 -20 -3 -21 0
1 -19 -2 20 -3 -21 0
1 -19 -2 -20 -3 21 0
1 -19 -2 -20 -3 -21 0
-1 -19 2 20 3 21 0
-1 -19 2 20 3 -21 0
-1 -19 2 -20 3 21 0
-1 -19 2 -20 3 -21 0
-1 19 2 20 -3 -21 0
-1 19 2 -20 -3 -21 0
-1 -19 2 20 -3 21 0
-1 -19 2 20 -3 -21 0
-1 -19 2 -20 -3 21 0
-1 -19 2 -20 -3 -21 0
-1 19 -2 -20 3 21 0
-1 19 -2 -20 3 -21 0
-1 -19 -2 20 3 21 0
-1 -19 -2 20 3 -21 0
-1 -19 -2 -20 3 21 0
-1 -19 -2 -20 3 -21 0
-1 19 -2 20 -3 -21 0
-1 19 -2 -20 -3 21 0
-1 19 -2 -20 -3 -21 0
-1 -19 -2 20 -3 21 0
-1 -19 -2 20 -3 -21 0
-1 -19 -2 -20 -3 21 0
-1 -19 -2 -20 -3 -21 0
1 16 2 17 -3 -18 0
1 16 2 -17 -3 -18 0
1 -16 2 17 -3 -18 0
1 -16 2 -17 -3 -18 0
1 16 -2 -17 3 18 0
1 16 -2 -17 3 -18 0
1 -16 -2 -17 3 18 0
1 -16 -2 -17 3 -18 0
1 16 -2 17 -3 -18 0
1 16 -2 -17 -3 18 0
1 16 -2 -17 -3 -18 0
1 -16 -2 17 -3 -18 0
1 -16 -2 -17 -3 18 0
1 -16 -2 -17 -3 -18 0
-1 -16 2 17 3 18 0
-1 -16 2 17 3 -18 0
-1 -16 2 -17 3 18 0
-1 -16 2 -17 3 -18 0
-1 16 2 17 -3 -18 0
-1 16 2 -17 -3 -18 0
-1 -16 2 17 -3 18 0
-1 -16 2 17 -3 -18 0
-1 -16 2 -17 -3 18 0
-1 -16 2 -17 -3 -18 0
-1 16 -2 -17 3 18 0
-1 16 -2 -17 3 -18 0
-1 -16 -2 17 3 18 0
-1 -16 -2 17 3 -18 0
-1 -16 -2 -17 3 18 0
-1 -16 -2 -17 3 -18 0
-1 16 -2 17 -3 -18 0
-1 16 -2 -17 -3 18 0
-1 16 -2 -17 -3 -18 0
-1 -16 -2 17 -3 18 0
-1 -16 -2 17 -3 -18 0
-1 -16 -2 -17 -3 18 0
-1 -16 -2 -17 -3 -18 0
1 13 2 14 -3 -15 0
1 13 2 -14 -3 -15 0
1 -13 2 14 -3 -15 0
1 -13 2 -14 -3 -15 0
1 13 -2 -14 3 15 0
1 13 -2 -14 3 -15 0
1 -13 -2 -14 3 15 0
1 -13 -2 -14 3 -15 0
1 13 -2 14 -3 -15 0
1 13 -2 -14 -3 15 0
1 13 -2 -14 -3 -15 0
1 -13 -2 14 -3 -15 0
1 -13 -2 -14 -3 15 0
1 -13 -2 -14 -3 -15 0
-1 -13 2 14 3 15 0
-1 -13 2 14 3 -15 0
-1 -13 2 -14 3 15 0
-1 -13 2 -14 3 -15 0
-1 13 2 14 -3 -15 0
-1 13 2 -14 -3 -15 0
-1 -13 2 14 -3 15 0
-1 -13 2 14 -3 -15 0
-1 -13 2 -14 -3 15 0
-1 -13 2 -14 -3 -15 0
-1 13 -2 -14 3 15 0
-1 13 -2 -14 3 -15 0
-1 -13 -2 14 3 15 0
-1 -13 -2 14 3 -15 0
-1 -13 -2 -14 3 15 0
-1 -13 -2 -14 3 -15 0
-1 13 -2 14 -3 -15 0
-1 13 -2 -14 -3 15 0
-1 13 -2 -14 -3 -15 0
-1 -13 -2 14 -3 15 0
-1 -13 -2 14 -3 -15 0
-1 -13 -2 -14 -3 15 0
-1 -13 -2 -14 -3 -15 0
7 19 8 20 -9 -21 0
7 19 8 -20 -9 -21 0
7 -19 8 20 -9 -21 0
7 -19 8 -20 -9 -21 0
7 19 -8 -20 9 21 0
7 19 -8 -20 9 -21 0
7 -19 -8 -20 9 21 0
7 -19 -8 -20 9 -21 0
7 19 -8 20 -9 -21 0
7 19 -8 -20 -9 21 0
7 19 -8 -20 -9 -21 0
7 -19 -8 20 -9 -21 0
7 -19 -8 -20 -9 21 0
7 -19 -8 -20 -9 -21 0
-7 -19 8 20 9 21 0
-7 -19 8 20 9 -21 0
-7 -19 8 -20 9 21 0
-7 -19 8 -20 9 -21 0
-7 19 8 20 -9 -21 0
-7 19 8 -20 -9 -21 0
-7 -19 8 20 -9 21 0
-7 -19 8 20 -9 -21 0
-7 -19 8 -20 -9 21 0
-7 -19 8 -20 -9 -21 0
-7 19 -8 -20 9 21 0
-7 19 -8 -20 9 -21 0
-7 -19 -8 20 9 21 0
-7 -19 -8 20 9 -21 0
-7 -19 -8 -20 9 21 0
-7 -19 -8 -20 9 -21 0
-7 19 -8 20 -9 -21 0
-7 19 -8 -20 -9 21 0
-7 19 -8 -20 -9 -21 0
-7 -19 -8 20 -9 21 0
-7 -19 -8 20 -9 -21 0
-7 -19 -8 -20 -9 21 0
-7 -19 -8 -20 -9 -21 0
10 16 11 17 -12 -18 0
10 16 11 -17 -12 -18 0
10 -16 11 17 -12 -18 0
10 -16 11 -17 -12 -18 0
10 16 -11 -17 12 18 0
10 16 -11 -17 12 -18 0
10 -16 -11 -17 12 18 0
10 -16 -11 -17 12 -18 0
10 16 -11 17 -12 -18 0
10 16 -11 -17 -12 18 0
10 16 -11 -17 -12 -18 0
10 -16 -11 17 -12 -18 0
10 -16 -11 -17 -12 18 0
10 -16 -11 -17 -12 -18 0
-10 -16 11 17 12 18 0
-10 -16 11 17 12 -18 0
-10 -16 11 -17 12 18 0
-10 -16 11 -17 12 -18 0
-10 16 11 17 -12 -18 0
-10 16 11 -17 -12 -18 0
-10 -16 11 17 -12 18 0
-10 -16 11 17 -12 -18 0
-10 -16 11 -17 -12 18 0
-10 -16 11 -17 -12 -18 0
-10 16 -11 -17 12 18 0
-10 16 -11 -17 12 -18 0
-10 -16 -11 17 12 18 0
-10 -16 -11 17 12 -18 0
-10 -16 -11 -17 12 18 0
-10 -16 -11 -17 12 -18 0
-10 16 -11 17 -12 -18 0
-10 16 -11 -17 -12 18 0
-10 16 -11 -17 -12 -18 0
-10 -16 -11 17 -12 18 0
-10 -16 -11 17 -12 -18 0
-10 -16 -11 -17 -12 18 0
-10 -16 -11 -17 -12 -18 0
4 19 5 20 -6 -21 0
4 19 5 -20 -6 -21 0
4 -19 5 20 -6 -21 0
4 -19 5 -20 -6 -21 0
4 19 -5 -20 6 21 0
4 19 -5 -20 6 -21 0
4 -19 -5 -20 6 21 0
4 -19 -5 -20 6 -21 0
4 19 -5 20 -6 -21 0
4 19 -5 -20 -6 21 0
4 19 -5 -20 -6 -21 0
4 -19 -5 20 -6 -21 0
4 -19 -5 -20 -6 21 0
4 -19 -5 -20 -6 -21 0
-4 -19 5 20 6 21 0
-4 -19 5 20 6 -21 0
-4 -19 5 -20 6 21 0
-4 -19 5 -20 6 -21 0
-4 19 5 20 -6 -21 0
-4 19 5 -20 -6 -21 0
-4 -19 5 20 -6 21 0
-4 -19 5 20 -6 -21 0
-4 -19 5 -20 -6 21 0
-4 -19 5 -20 -6 -21 0
-4 19 -5 -20 6 21 0
-4 19 -5 -20 6 -21 0
-4 -19 -5 20 6 21 0
-4 -19 -5 20 6 -21 0
-4 -19 -5 -20 6 21 0
-4 -19 -5 -20 6 -21 0
-4 19 -5 20 -6 -21 0
-4 19 -5 -20 -6 21 0
-4 19 -5 -20 -6 -21 0
-4 -19 -5 20 -6 21 0
-4 -19 -5 20 -6 -21 0
-4 -19 -5 -20 -6 21 0
-4 -19 -5 -20 -6 -21 0
